0	0	0	0	0	0	0	0	0	0	0	0	0	0	0	0	0	0	0	0	0	0	0	0	0	0	0	0	0	0	0	0	0	0	0	0	0.05994606781610679	0	0.014986516954026698	0	0	0	0	0	0	0	0	0.11989213563221358	0	0	0	0	0	0	0	0	0	0	0	0	0	0	0	0	0	0	0	0	0	0	0	0
0.19482472040234708	0.19482472040234708	0	0	0	0	0	0	0	0	0	0	0	0	0	0	0	0	0	0	0	0	0	0	0	0	0	0	0	0.11689483224140823	0.07792988816093882	0	0	0	0.03896494408046941	0.7013689934484494	0.19482472040234708	0	0	0	0	0	0	0	0	0	0.5065442730461024	0	0	0	0	0	0	0	0	0	0	0	0	0	0	0	0	0	0	0	0	0	0	0.07792988816093882	0.23378966448281646	0.19482472040234708
0	0.3117195526437553	0.03896494408046941	0	0	0	0	0	0	0	0	0	0	0	0	0	0	0	0	0	0	0	0	0	0	0	0	0	0.15585977632187764	0.3117195526437553	0.23378966448281646	0.23378966448281646	0.4675793289656329	0.5844741612070412	0.15585977632187764	0.6234391052875106	0.3117195526437553	0.857228769770327	0.4675793289656329	0.03896494408046941	0	0.4286143848851635	0	0	0	0	0.3117195526437553	0.03896494408046941	0	0	0	0	0	0	0.03896494408046941	0.5065442730461024	0.66240404936798	0.7792988816093883	0.5455092171265719	0.3117195526437553	0.03896494408046941	0	0	0	0	0	0	0	0	0	0	0
0	0	0	0	0	0	0	0	0	0	0	0	0	0	0	0	0	0	0	0	0	0	0.45459101427214316	0.2597662938697961	0	0	0	0	0.5195325877395922	0.9741236020117353	0.9741236020117353	0.9741236020117353	0.9741236020117353	0.9741236020117353	0.6494157346744902	0.3247078673372451	0.38964944080469416	0.5195325877395922	0.8442404550768373	0.3247078673372451	0	0.45459101427214316	0	0.06494157346744903	0	0.06494157346744903	0	0	0	0	0	0	0	0	0.5844741612070412	0.9741236020117353	0.5844741612070412	0.9741236020117353	0.9741236020117353	0.3247078673372451	0.06494157346744903	0	0	0	0	0	0	0	0	0	0	0
0.4383556209052809	0	0	0	0	0	0	0.38964944080469416	0.2922370806035206	0	0	0	0	0	0	0	0	0	0	0	0	0.2922370806035206	0	0.24353090050293383	0.4383556209052809	0.19482472040234708	0.19482472040234708	0	0.09741236020117354	0.5844741612070412	0.9741236020117353	0.9741236020117353	0.9741236020117353	0.34094326070410735	0	0	0.5844741612070412	0.5357679811064545	0.34094326070410735	0.04870618010058677	0	0.09741236020117354	0.1461185403017603	0.24353090050293383	0	0	0	0	0	0	0	0	0	0.633180341307628	0.9741236020117353	0.633180341307628	0.6818865214082147	0.8767112418105618	0.6818865214082147	0.38964944080469416	0	0	0	0	0	0	0	0	0	0	0.5357679811064545	0.2922370806035206
0.19482472040234708	0.7143573081419392	0.7792988816093883	0.8442404550768373	0.7143573081419392	0.5195325877395922	0.6494157346744902	0.5844741612070412	0.06494157346744903	0	0	0	0	0	0	0	0	0	0	0	0	0	0	0	0.06494157346744903	0.3247078673372451	0.19482472040234708	0	0	0.19482472040234708	0.9741236020117353	0.9091820285442863	0.9741236020117353	0	0	0	0.6494157346744902	0.9741236020117353	0.7143573081419392	0.38964944080469416	0	0	0	0	0	0	0	0	0	0	0.06494157346744903	0.3247078673372451	0	0.5195325877395922	0.7792988816093883	0.5195325877395922	0	0	0	0	0	0	0	0	0	0	0	0	0	0	0.19482472040234708	0.06494157346744903
0.8767112418105618	0.9741236020117353	0.9741236020117353	0.9741236020117353	0.9741236020117353	0.9741236020117353	0.9741236020117353	0.19482472040234708	0	0	0	0	0	0	0	0	0	0	0	0	0	0	0	0	0	0.2922370806035206	0.19482472040234708	0.38964944080469416	0	0	0.38964944080469416	0.9741236020117353	0.9741236020117353	0.38964944080469416	0	0	0.5844741612070412	0.9741236020117353	0.9741236020117353	0.8767112418105618	0	0	0	0	0	0	0	0	0	0	0.09741236020117354	0.2922370806035206	0	0	0.19482472040234708	0.09741236020117354	0	0	0	0	0	0	0	0	0	0	0	0	0	0	0	0
0.3247078673372451	0.7143573081419392	0.9741236020117353	0.9741236020117353	0.9741236020117353	0.19482472040234708	0.8442404550768373	0.12988314693489805	0	0	0	0	0	0	0	0	0	0	0	0	0	0	0	0	0	0.06494157346744903	0.5195325877395922	0.38964944080469416	0.2597662938697961	0	0	0	0.5195325877395922	0.9741236020117353	0.5195325877395922	0	0.7792988816093883	0.9741236020117353	0.9741236020117353	0.9741236020117353	0.7143573081419392	0	0	0	0	0	0	0	0	0	0.12988314693489805	0	0	0	0	0	0	0	0	0	0	0	0	0	0.19482472040234708	0.5195325877395922	0	0	0	0	0.06494157346744903	0.7792988816093883
0.8767112418105618	0.8767112418105618	0.9741236020117353	0.6818865214082147	0.2922370806035206	0.19482472040234708	0.8767112418105618	0.2922370806035206	0.09741236020117354	0	0	0	0	0	0	0	0	0	0	0	0	0	0	0	0	0	0.2922370806035206	0.38964944080469416	0.19482472040234708	0	0	0	0.19482472040234708	0.9741236020117353	0.7792988816093883	0.2922370806035206	0.8767112418105618	0.9741236020117353	0.9741236020117353	0.9741236020117353	0.48706180100586766	0	0	0	0	0	0	0	0	0	0	0	0	0	0.09741236020117354	0.19482472040234708	0	0.19482472040234708	0	0	0	0	0	0	0.19482472040234708	0	0	0	0	0	0.19482472040234708	0.9741236020117353
0.7792988816093883	0.6494157346744902	0.3247078673372451	0	0.19482472040234708	0.3247078673372451	0.38964944080469416	0.5195325877395922	0.06494157346744903	0	0	0	0	0	0	0	0	0	0	0	0	0	0	0	0	0	0	0.38964944080469416	0.9741236020117354	0.19482472040234708	0	0	0.2597662938697961	0.9091820285442863	0.5195325877395922	0.9741236020117353	0.9741236020117353	0.9091820285442863	0.2597662938697961	0	0.06494157346744903	0.19482472040234708	0	0	0	0	0	0	0	0	0	0.5844741612070412	0	0.19482472040234708	0.3247078673372451	0.38964944080469416	0.06494157346744903	0.12988314693489805	0	0.12988314693489805	0	0	0	0	0	0	0.3247078673372451	0	0	0.2597662938697961	0.19482472040234708	0.8442404550768373
0.19482472040234708	0	0	0	0	0.38964944080469416	0.48706180100586766	0.2922370806035206	0	0	0	0	0	0	0	0	0	0	0	0	0	0	0	0	0	0	0	0.19482472040234708	0.9741236020117354	0.7792988816093883	0	0	0.19482472040234708	0.7792988816093883	0.38964944080469416	0.48706180100586766	0.8767112418105618	0.19482472040234708	0.2922370806035206	0.5844741612070412	0	0	0	0	0	0	0	0	0	0	0	0.09741236020117354	0.48706180100586766	0	0	0	0.2922370806035206	0	0	0	0	0	0	0	0	0	0.09741236020117354	0	0.19482472040234708	0	0.19482472040234708	0
0	0	0	0	0	0.38964944080469416	0.5844741612070412	0.19482472040234708	0	0	0	0	0	0	0	0	0	0	0	0	0	0	0	0	0	0	0	0.19482472040234708	0.9741236020117354	0.6818865214082148	0.09741236020117354	0	0	0.09741236020117354	0.09741236020117354	0	0.2922370806035206	0.6818865214082147	0.19482472040234708	0	0	0	0	0	0	0	0	0	0	0	0.19482472040234708	0	0.2922370806035206	0	0	0	0	0	0	0	0.19482472040234708	0	0	0	0	0.09741236020117354	0	0.38964944080469416	0.6818865214082147	0.48706180100586766	0.38964944080469416	0
0	0	0	0	0.19482472040234708	0.5844741612070412	0	0	0	0	0	0	0	0	0	0	0	0	0	0	0	0	0	0	0	0	0	0.2922370806035206	0.7792988816093883	0.09741236020117354	0.19482472040234708	0	0	0	0	0	0	0.5844741612070412	0	0	0	0	0	0	0	0	0	0	0	0	0.5844741612070412	0	0.19482472040234708	0.19482472040234708	0.19482472040234708	0	0.7792988816093883	0.19482472040234708	0	0	0.19482472040234708	0	0	0	0	0.19482472040234708	0.9741236020117353	0.9741236020117353	0.5844741612070412	0.48706180100586766	0	0
0	0.2922370806035206	0	0	0.38964944080469416	0.6818865214082147	0	0	0	0	0	0	0	0	0	0	0	0	0	0	0	0	0	0	0	0	0	0.2922370806035206	0.9741236020117353	0.7792988816093883	0.38964944080469416	0	0	0	0	0	0.48706180100586766	0	0	0	0	0	0	0	0	0	0	0	0	0	0.6818865214082147	0.19482472040234708	0	0.2922370806035206	0	0.09741236020117354	0.09741236020117354	0	0	0	0.5844741612070412	0.09741236020117354	0	0	0	0.2922370806035206	0.6818865214082147	0.48706180100586766	0	0	0.38964944080469416	0.38964944080469416
0.5844741612070412	0.6818865214082147	0.7792988816093883	0	0.09741236020117354	0.48706180100586766	0	0	0	0	0	0	0	0	0	0	0	0	0	0	0	0	0	0	0	0	0	0	0.9741236020117353	0.7792988816093883	0.48706180100586766	0	0	0	0	0.19482472040234708	0.5844741612070412	0	0	0	0	0	0	0	0	0	0	0	0	0	0.2922370806035206	0.19482472040234708	0	0	0.09741236020117354	0.09741236020117354	0	0.2922370806035206	0	0	0.6818865214082147	0	0	0	0	0.2922370806035206	0.9741236020117353	0.48706180100586766	0	0	0	0.9741236020117353
0.9741236020117353	0.7792988816093883	0.38964944080469416	0.6818865214082147	0.09741236020117354	0.7792988816093883	0	0	0	0	0	0	0	0	0	0	0	0	0	0	0	0	0	0	0	0	0	0	0.7792988816093883	0.2922370806035206	0.19482472040234708	0	0	0	0.09741236020117354	0.8767112418105618	0.48706180100586766	0	0	0	0	0	0	0	0	0	0	0	0	0	0	0	0	0	0	0	0	0	0	0	0	0	0	0.2922370806035206	0	0.09741236020117354	0.8767112418105618	0.9741236020117353	0.2922370806035206	0	0	0.09741236020117354
0.9741236020117353	0.5844741612070412	0.6818865214082147	0.09741236020117354	0	0.19482472040234708	0.2922370806035206	0	0	0	0	0	0	0	0	0	0	0	0	0	0	0	0	0	0	0	0	0	0.4870618010058677	0.7792988816093883	0.5844741612070412	0	0	0	0.2922370806035206	0.7792988816093883	0	0	0	0	0	0	0	0	0	0	0	0	0	0	0.2922370806035206	0	0	0	0	0	0	0	0	0	0	0.19482472040234708	0.19482472040234708	0	0	0.48706180100586766	0.19482472040234708	0.48706180100586766	0	0	0	0
0.8767112418105618	0.6818865214082147	0.6818865214082147	0.38964944080469416	0	0	0	0	0	0	0	0	0	0	0	0	0	0	0	0	0	0	0	0	0	0	0	0	0.2922370806035206	0.7792988816093882	0.8767112418105618	0	0	0	0	0.09741236020117354	0	0	0	0	0	0	0	0	0	0	0	0	0	0	0.2922370806035206	0.09741236020117354	0	0	0	0	0	0	0	0	0	0	0	0.09741236020117354	0.09741236020117354	0.09741236020117354	0	0.38964944080469416	0	0	0	0
0.6818865214082147	0	0	0	0	0	0	0	0	0	0	0	0	0	0	0	0	0	0	0	0	0	0	0	0	0	0	0	0.09741236020117354	0.09741236020117354	0.19482472040234708	0.19482472040234708	0	0	0	0	0	0	0	0	0	0	0	0	0	0	0	0	0	0	0.5844741612070412	0.09741236020117354	0	0	0	0	0	0	0	0	0	0	0.09741236020117354	0	0	0	0	0.2922370806035206	0	0	0	0
0.2922370806035206	0	0	0.48706180100586766	0	0	0	0	0	0	0	0	0	0	0	0	0	0	0	0	0	0	0	0	0	0	0	0	0	0.09741236020117354	0.48706180100586766	0	0	0	0	0	0	0	0	0	0	0	0	0	0	0	0	0	0	0	0	0	0	0	0	0	0	0	0.19482472040234708	0.09741236020117354	0.09741236020117354	0	0	0.09741236020117354	0	0	0	0.09741236020117354	0.19482472040234708	0.48706180100586766	0.38964944080469416	0.09741236020117354
0.19482472040234708	0	0	0.5844741612070412	0	0	0	0	0	0	0	0	0	0	0	0	0	0	0	0	0	0	0	0	0	0	0	0	0	0.38964944080469416	0.38964944080469416	0	0	0	0	0	0	0	0	0	0	0	0	0	0	0	0	0	0	0	0.9741236020117353	0.38964944080469416	0	0	0	0	0	0	0.19482472040234708	0.5844741612070412	0.5844741612070412	0	0	0	0	0	0.19482472040234708	0.19482472040234708	0	0	0.19482472040234708	0
0.19482472040234708	0	0.19482472040234708	0.38964944080469416	0	0	0	0	0	0	0	0	0	0	0	0	0	0	0	0	0	0	0	0	0	0	0	0	0	0.19482472040234708	0.4870618010058677	0	0	0	0	0	0	0	0	0	0	0	0	0	0	0	0	0	0	0.48706180100586766	0.7792988816093883	0.09741236020117354	0.2922370806035206	0.5844741612070412	0	0	0	0	0.19482472040234708	0.48706180100586766	0.6818865214082147	0	0	0	0	0	0.38964944080469416	0.5844741612070412	0	0.19482472040234708	0.2922370806035206	0.09741236020117354
0.09741236020117354	0.19482472040234708	0.7792988816093883	0.2922370806035206	0	0	0	0	0	0	0	0	0	0	0	0	0	0	0	0	0	0	0	0	0	0	0	0	0	0	0.38964944080469416	0.38964944080469416	0	0	0	0.09741236020117354	0	0	0	0	0	0	0	0	0	0	0	0	0	0.48706180100586766	0.19482472040234708	0	0.48706180100586766	0.7792988816093883	0.09741236020117354	0.2922370806035206	0.09741236020117354	0	0.19482472040234708	0.19482472040234708	0.5844741612070412	0.09741236020117354	0	0	0	0	0.19482472040234708	0	0.2922370806035206	0.38964944080469416	0	0
0.19482472040234708	0.09741236020117354	0.19482472040234708	0	0	0	0	0	0	0	0	0	0	0	0	0	0	0	0	0	0	0	0	0	0	0	0	0	0	0	0.09741236020117354	0.5844741612070412	0.09741236020117354	0	0	0	0	0	0	0	0	0	0	0	0	0	0	0	0.19482472040234708	0.2922370806035206	0	0	0.6818865214082147	0.38964944080469416	0.09741236020117354	0.2922370806035206	0.09741236020117354	0	0.8767112418105618	0.48706180100586766	0.6818865214082147	0	0	0	0	0	0	0.19482472040234708	0.9741236020117353	0.2922370806035206	0	0.09741236020117354
0.38964944080469416	0.19482472040234708	0.19482472040234708	0	0	0	0	0	0	0	0	0	0	0	0	0	0	0	0	0	0	0	0	0	0	0	0	0	0	0	0	0.38964944080469416	0.19482472040234708	0	0	0	0	0.19482472040234708	0	0	0	0	0	0	0	0	0	0	0	0.38964944080469416	0	0	0.38964944080469416	0.38964944080469416	0.19482472040234708	0	0	0	0.9741236020117353	0.38964944080469416	0.19482472040234708	0	0	0	0	0	0	0	0.9741236020117353	0	0	0
0	0.19482472040234708	0	0	0	0	0	0	0	0	0	0	0	0	0	0	0	0	0	0	0	0	0	0	0	0	0	0	0	0	0	0.2922370806035206	0.19482472040234708	0	0	0	0	0.09741236020117354	0.09741236020117354	0	0	0	0	0	0	0	0	0	0	0.09741236020117354	0	0	0.19482472040234708	0.19482472040234708	0	0	0	0.2922370806035206	0.48706180100586766	0.6818865214082147	0.48706180100586766	0	0	0	0	0	0	0.38964944080469416	0.48706180100586766	0	0	0.38964944080469416
0	0.19482472040234708	0	0	0	0	0	0	0	0	0	0	0	0	0	0	0	0	0	0	0	0	0	0	0	0	0	0	0	0	0	0	0.38964944080469416	0.19482472040234708	0.09741236020117354	0	0	0	0	0	0	0	0	0	0	0	0	0	0	0.38964944080469416	0.48706180100586766	0.38964944080469416	0.09741236020117354	0	0	0	0.38964944080469416	0.38964944080469416	0.19482472040234708	0.8767112418105618	0	0	0	0	0	0	0.19482472040234708	0.7792988816093883	0.09741236020117354	0	0	0.09741236020117354
0	0.5844741612070412	0	0	0	0	0	0	0	0	0	0	0	0	0	0	0	0	0	0	0	0	0	0	0	0	0	0	0	0	0	0	0	0	0.19482472040234708	0	0	0	0	0	0	0	0	0	0	0	0	0	0	0.19482472040234708	0.38964944080469416	0.38964944080469416	0.38964944080469416	0	0	0	0.9741236020117353	0.5844741612070412	0.19482472040234708	0.38964944080469416	0.19482472040234708	0.19482472040234708	0	0	0	0	0	0.9741236020117353	0	0	0	0
0.09741236020117354	0.09741236020117354	0	0	0.19482472040234708	0	0	0	0	0	0	0	0	0	0	0	0	0	0	0	0	0	0	0	0	0	0	0	0	0	0	0	0	0	0.2922370806035206	0	0	0	0	0	0	0	0	0	0	0	0	0	0	0.48706180100586766	0	0.5844741612070412	0.38964944080469416	0.38964944080469416	0	0.09741236020117354	0.8767112418105618	0.6818865214082147	0.48706180100586766	0.19482472040234708	0.09741236020117354	0.19482472040234708	0	0	0	0	0	0.9741236020117353	0	0	0	0
0	0.19482472040234708	0	0	0	0	0	0	0	0	0	0	0	0	0	0	0	0	0	0	0	0	0	0	0	0	0	0	0	0	0	0	0	0	0	0	0	0	0	0	0	0	0	0	0	0	0	0	0	0.5844741612070412	0.7792988816093883	0.7792988816093883	0.5844741612070412	0.9741236020117353	0	0	0.38964944080469416	0.5844741612070412	0.7792988816093883	0.19482472040234708	0	0	0	0	0	0	0	0.5844741612070412	0	0	0	0
0	0	0	0	0	0	0	0	0	0	0	0	0	0	0	0	0	0	0	0	0	0	0	0	0	0	0	0	0	0	0	0	0	0	0.09741236020117354	0	0.09741236020117354	0.19482472040234708	0.38964944080469416	0.09741236020117354	0	0	0	0	0	0	0	0	0	0.38964944080469416	0.9741236020117353	0.6818865214082147	0.7792988816093883	0.7792988816093883	0.38964944080469416	0	0.38964944080469416	0.2922370806035206	0.38964944080469416	0.19482472040234708	0.09741236020117354	0	0	0	0	0	0	0.38964944080469416	0	0	0	0
0	0	0	0	0.09741236020117354	0	0	0	0	0	0	0	0	0	0	0	0	0	0	0	0	0	0	0	0	0	0	0	0	0	0	0	0	0	0	0	0.38964944080469416	0.2922370806035206	0	0.09741236020117354	0	0	0	0	0	0	0	0	0	0.2922370806035206	0.9741236020117353	0.5844741612070412	0.7792988816093883	0.38964944080469416	0.6818865214082147	0.2922370806035206	0.5844741612070412	0.9741236020117353	0	0	0	0	0	0	0	0	0	0.09741236020117354	0.2922370806035206	0	0	0
0.19482472040234708	0	0	0	0	0	0	0	0	0	0	0	0	0	0	0	0	0	0	0	0	0	0	0	0	0	0	0	0	0	0	0	0	0	0	0	0.19482472040234708	0.19482472040234708	0.38964944080469416	0.19482472040234708	0	0	0	0	0	0	0	0	0	0.19482472040234708	0.9741236020117353	0.7792988816093883	0.19482472040234708	0.19482472040234708	0.7792988816093883	0.9741236020117353	0.7792988816093883	0.9741236020117353	0	0	0	0	0	0	0	0	0	0	0.38964944080469416	0	0	0
0.38964944080469416	0	0	0	0	0	0	0	0	0	0	0	0	0	0	0	0	0	0	0	0	0	0	0	0	0	0	0	0	0	0	0	0	0	0	0	0.19482472040234708	0.09741236020117354	0.5844741612070412	0.5844741612070412	0.09741236020117354	0.2922370806035206	0	0	0	0	0	0	0	0	0.5844741612070412	0.48706180100586766	0	0.19482472040234708	0.8767112418105618	0.5844741612070412	0.8767112418105618	0.9741236020117353	0.48706180100586766	0.5844741612070412	0	0	0	0	0	0	0	0	0	0	0	0
0.19482472040234708	0	0	0	0	0	0	0	0	0	0	0	0	0	0	0	0	0	0	0	0	0	0	0	0	0	0	0	0	0	0	0	0	0	0	0	0.19482472040234708	0	0.7792988816093883	0.7792988816093883	0.7792988816093883	0.5844741612070412	0	0	0	0	0	0	0	0	0	0	0	0	0.9741236020117353	0.19482472040234708	0.19482472040234708	0.9741236020117353	0.7792988816093883	0.38964944080469416	0	0	0	0	0	0	0	0	0	0	0	0.38964944080469416
0.09741236020117354	0.09741236020117354	0.2922370806035206	0.19482472040234708	0	0	0	0	0	0	0	0	0	0	0	0	0	0	0	0	0	0	0	0	0	0	0	0	0	0	0	0	0	0	0	0	0.2922370806035206	0.19482472040234708	0.9741236020117353	0.8767112418105618	0.8767112418105618	0.7792988816093883	0	0	0	0	0	0	0	0	0	0	0	0	0.9741236020117353	0.2922370806035206	0	0.6818865214082147	0.7792988816093883	0.38964944080469416	0.09741236020117354	0	0	0	0	0	0	0	0	0	0	0.09741236020117354
0	0.09741236020117354	0.2922370806035206	0	0.2922370806035206	0	0	0	0	0	0	0	0	0	0	0	0	0	0	0	0	0	0	0	0	0	0	0	0	0	0	0	0	0	0	0	0.19482472040234708	0	0.48706180100586766	0.7792988816093883	0.9741236020117353	0.6818865214082147	0	0	0	0	0	0	0	0	0	0	0	0	0.7792988816093883	0	0	0.48706180100586766	0.7792988816093883	0.19482472040234708	0	0	0	0	0	0	0	0	0	0	0	0.09741236020117354
0	0	0.19482472040234708	0	0.19482472040234708	0	0	0	0	0	0	0	0	0	0	0	0	0	0	0	0	0	0	0	0	0	0	0	0	0	0	0	0	0	0	0	0	0	0	0.19482472040234708	0.19482472040234708	0	0	0	0	0	0	0	0	0	0	0	0	0	0.7792988816093883	0	0	0.5844741612070412	0.5844741612070412	0.19482472040234708	0	0	0	0	0	0	0	0	0	0	0	0
0	0	0	0.19482472040234708	0.19482472040234708	0.19482472040234708	0	0.19482472040234708	0	0	0	0	0	0	0	0	0	0	0	0	0	0	0	0	0	0	0	0	0	0	0	0	0	0	0	0	0.2922370806035206	0	0	0	0	0.19482472040234708	0	0.09741236020117354	0.09741236020117354	0	0	0	0	0	0	0	0	0	0.2922370806035206	0	0	0.7792988816093883	0.38964944080469416	0.48706180100586766	0	0	0	0	0	0	0	0	0	0	0	0
0	0	0	0.19482472040234708	0	0	0	0	0.38964944080469416	0	0	0	0	0	0	0	0	0	0	0	0	0	0	0	0	0	0	0	0	0	0	0	0	0	0	0	0.19482472040234708	0	0	0	0.5844741612070412	0.9741236020117353	0.19482472040234708	0	0.38964944080469416	0	0	0	0	0	0	0	0	0	0.19482472040234708	0	0	0.38964944080469416	0.38964944080469416	0.7792988816093883	0	0	0	0	0	0	0	0	0	0	0	0
0.09741236020117354	0	0	0	0	0	0	0	0.38964944080469416	0.09741236020117354	0	0	0	0	0	0	0	0	0	0	0	0	0	0	0	0	0	0	0	0	0	0	0	0	0	0	0.09741236020117354	0	0	0	0.48706180100586766	0.6818865214082147	0.2922370806035206	0.19482472040234708	0.7792988816093883	0	0	0	0	0	0	0	0	0	0.19482472040234708	0	0.19482472040234708	0.5844741612070412	0.7792988816093883	0.6818865214082147	0	0	0	0	0	0	0	0	0	0	0	0
0	0	0	0	0	0.09741236020117354	0	0	0	0.2922370806035206	0	0	0	0	0	0	0	0	0	0	0	0	0	0	0	0	0	0	0	0	0	0	0	0	0	0	0.19482472040234708	0	0.09741236020117354	0.2922370806035206	0.2922370806035206	0.7792988816093883	0.2922370806035206	0.19482472040234708	0.7792988816093883	0	0	0	0	0	0	0	0	0	0.2922370806035206	0.09741236020117354	0.48706180100586766	0.48706180100586766	0.5844741612070412	0.48706180100586766	0	0	0	0	0	0	0	0	0	0	0	0
0	0	0	0	0	0	0	0	0	0.5844741612070412	0	0	0	0	0	0	0	0	0	0	0	0	0	0	0	0	0	0	0	0	0	0	0	0	0	0	0.19482472040234708	0	0.38964944080469416	0.9741236020117353	0.7792988816093883	0.5844741612070412	0.19482472040234708	0.5844741612070412	0.7792988816093883	0	0	0	0	0	0	0	0	0	0.19482472040234708	0.38964944080469416	0.19482472040234708	0.19482472040234708	0.7792988816093883	0.38964944080469416	0	0	0	0	0	0	0	0	0	0	0	0
0	0	0	0	0	0	0	0	0	0	0.09741236020117354	0	0	0	0	0	0	0	0	0	0	0	0	0	0	0	0	0	0	0	0	0	0	0	0	0	0.19482472040234708	0.09741236020117354	0	0.48706180100586766	0.48706180100586766	0.2922370806035206	0.48706180100586766	0.38964944080469416	0.2922370806035206	0	0	0	0	0	0	0	0	0	0.19482472040234708	0.48706180100586766	0.09741236020117354	0.19482472040234708	0.38964944080469416	0.2922370806035206	0	0	0	0	0	0	0	0	0	0	0	0
0	0	0	0	0	0	0	0	0.19482472040234708	0	0	0	0	0	0	0	0	0	0	0	0	0	0	0	0	0	0	0	0	0	0	0	0	0	0	0	0.19482472040234708	0	0	0.5844741612070412	0.5844741612070412	0.9741236020117353	0.7792988816093883	0.5844741612070412	0.19482472040234708	0	0	0	0	0	0	0	0	0	0.38964944080469416	0.5844741612070412	0	0	0.38964944080469416	0.9741236020117353	0	0	0	0	0	0	0	0	0	0	0	0
0	0	0	0	0	0.09741236020117354	0.19482472040234708	0	0.09741236020117354	0	0	0	0	0	0	0	0	0	0	0	0	0	0	0	0	0	0	0	0	0	0	0	0	0	0	0	0.09741236020117354	0.19482472040234708	0.09741236020117354	0.6818865214082147	0.2922370806035206	0.19482472040234708	0.48706180100586766	0.5844741612070412	0.19482472040234708	0	0	0	0	0	0	0	0	0	0.48706180100586766	0.5844741612070412	0	0.09741236020117354	0.6818865214082147	0.9741236020117353	0.09741236020117354	0.2922370806035206	0	0	0	0	0	0	0	0	0	0
0	0	0	0	0	0	0.09741236020117354	0	0.09741236020117354	0.09741236020117354	0	0	0	0	0	0	0	0	0	0	0	0	0	0	0	0	0	0	0	0	0	0	0	0	0	0	0	0.48706180100586766	0.09741236020117354	0.19482472040234708	0.5844741612070412	0.2922370806035206	0.5844741612070412	0.5844741612070412	0.09741236020117354	0	0	0	0	0	0	0	0	0	0.19482472040234708	0.09741236020117354	0	0.48706180100586766	0.5844741612070412	0.9741236020117353	0.09741236020117354	0.48706180100586766	0	0	0	0	0	0	0	0	0	0
0	0	0	0	0	0.38964944080469416	0	0	0.19482472040234708	0.19482472040234708	0	0	0	0	0	0	0	0	0	0	0	0	0	0	0	0	0	0	0	0	0	0	0	0	0	0	0	0	0.19482472040234708	0	0.38964944080469416	0	0.5844741612070412	0.7792988816093883	0	0	0	0	0	0	0	0	0	0	0.19482472040234708	0	0	0.5844741612070412	0.5844741612070412	0.38964944080469416	0	0.5844741612070412	0	0	0	0	0	0	0	0	0	0
0	0	0	0	0	0.09741236020117354	0	0	0	0.2922370806035206	0	0	0	0	0	0	0	0	0	0	0	0	0	0	0	0	0	0	0	0	0	0	0	0	0	0	0	0	0.38964944080469416	0	0.09741236020117354	0	0.19482472040234708	0.8767112418105618	0	0	0	0	0	0	0	0	0	0	0.2922370806035206	0.09741236020117354	0	0.19482472040234708	0.7792988816093883	0	0	0.6818865214082147	0	0	0	0	0	0	0	0	0	0
0	0	0	0.38964944080469416	0.09741236020117354	0	0	0.19482472040234708	0.19482472040234708	0.38964944080469416	0	0	0	0	0	0	0	0	0	0	0	0	0	0	0	0	0	0	0	0	0	0	0	0	0	0	0	0	0.19482472040234708	0	0.09741236020117354	0	0.38964944080469416	0.8767112418105618	0	0	0	0	0	0	0	0	0	0	0.09741236020117354	0.48706180100586766	0	0.48706180100586766	0.2922370806035206	0	0	0.48706180100586766	0	0	0	0	0	0	0	0	0	0
0	0	0	0.2922370806035206	0.2922370806035206	0.09741236020117354	0.38964944080469416	0	0	0	0.19482472040234708	0	0	0	0	0	0	0	0	0	0	0	0	0	0	0	0	0	0	0	0	0	0	0	0	0	0	0.09741236020117354	0.2922370806035206	0	0.09741236020117354	0	0.48706180100586766	0.2922370806035206	0	0	0	0	0	0	0	0	0	0	0.09741236020117354	0.6818865214082147	0	0.6818865214082147	0.19482472040234708	0	0	0.38964944080469416	0	0	0	0	0	0	0	0	0	0
0	0	0	0.38964944080469416	0	0	0	0	0	0	0.19482472040234708	0	0	0	0	0	0	0	0	0	0	0	0	0	0	0	0	0	0	0	0	0	0	0	0	0	0	0.19482472040234708	0.19482472040234708	0	0	0	0.5844741612070412	0	0	0	0	0	0	0	0	0	0	0	0	0.19482472040234708	0	0.7792988816093883	0.38964944080469416	0	0	0.19482472040234708	0	0	0	0	0	0	0	0	0	0
0	0	0	0.7792988816093883	0.6818865214082148	0.19482472040234708	0	0	0	0	0.2922370806035206	0	0	0	0	0	0	0	0	0	0	0	0	0	0	0	0	0	0	0	0	0	0	0	0	0	0	0.19482472040234708	0.8767112418105618	0	0	0	0.19482472040234708	0	0	0	0	0	0	0	0	0	0	0	0	0.2922370806035206	0	0.38964944080469416	0.38964944080469416	0	0	0	0	0	0	0	0	0	0	0	0	0
0	0	0	0.9741236020117353	0.7792988816093883	0	0	0	0	0	0.09741236020117354	0	0	0	0	0	0	0	0	0	0	0	0	0	0	0	0	0	0	0	0	0	0	0	0	0	0	0.19482472040234708	0.5844741612070412	0	0	0	0.09741236020117354	0	0	0	0	0	0	0	0	0	0	0	0	0.5844741612070412	0.19482472040234708	0.09741236020117354	0.09741236020117354	0	0	0	0	0	0	0	0	0	0	0	0	0
0	0	0	0.7792988816093882	0.7792988816093882	0	0.09741236020117354	0	0	0	0.2922370806035206	0	0	0	0	0	0	0	0	0	0	0	0	0	0	0	0	0	0	0	0	0	0	0	0	0	0	0.2922370806035206	0.38964944080469416	0.09741236020117354	0	0.38964944080469416	0	0	0	0	0	0	0	0	0	0	0	0	0	0.2922370806035206	0.09741236020117354	0	0.19482472040234708	0	0	0	0	0	0	0	0	0	0	0	0	0
0	0	0	0.5844741612070412	0.6818865214082147	0	0	0.09741236020117354	0	0.38964944080469416	0	0	0	0	0	0	0	0	0	0	0	0	0	0	0	0	0	0	0	0	0	0	0	0	0	0	0	0.38964944080469416	0.19482472040234708	0.19482472040234708	0	0.48706180100586766	0	0	0	0	0	0	0	0	0	0	0	0	0	0	0	0	0	0	0	0	0	0	0	0	0	0	0	0	0	0
0	0	0	0.19482472040234708	0.2922370806035206	0	0	0.09741236020117354	0	0.7792988816093883	0	0	0	0	0	0	0	0	0	0	0	0	0	0	0	0	0	0	0	0	0	0	0	0	0	0	0	0.38964944080469416	0	0	0.2922370806035206	0.2922370806035206	0	0	0	0	0	0	0	0	0	0	0	0	0	0.09741236020117354	0	0	0	0	0	0	0	0	0	0	0	0	0	0	0	0
0	0	0	0	0	0	0	0.09741236020117354	0.19482472040234708	0.8767112418105618	0	0	0	0	0	0	0	0	0	0	0	0	0	0	0	0	0	0	0	0	0	0	0	0	0	0	0	0.38964944080469416	0	0	0	0	0	0	0	0	0	0	0	0	0	0	0	0	0	0	0	0	0	0	0	0	0	0	0	0	0	0	0	0	0	0
0	0	0	0	0	0	0	0	0	0.48706180100586766	0	0	0	0	0	0.19482472040234708	0	0	0	0	0	0	0	0	0	0	0	0	0	0	0	0	0	0	0	0	0	0.2922370806035206	0	0	0.19482472040234708	0	0	0	0	0	0	0	0	0	0	0	0	0	0	0	0	0	0	0	0	0	0	0	0	0	0	0	0	0	0	0
0	0	0	0	0	0	0	0	0	0	0	0	0	0	0.09741236020117354	0.09741236020117354	0	0	0	0	0	0	0	0	0	0	0	0	0	0	0	0	0	0	0	0	0	0.5844741612070412	0.38964944080469416	0	0	0	0	0	0	0	0	0	0	0	0	0	0	0	0	0	0	0	0	0	0	0	0	0	0	0	0	0	0	0	0	0
0	0	0	0	0	0	0	0	0	0.19482472040234708	0	0	0	0	0.38964944080469416	0	0	0	0	0	0	0	0	0	0	0	0	0	0	0	0	0	0	0	0	0	0	0.5844741612070412	0	0	0	0	0	0	0	0	0	0	0	0	0	0	0	0	0	0	0	0	0	0	0	0	0	0	0	0	0	0	0	0	0	0
0	0	0	0	0	0	0	0	0	0	0	0	0	0.19482472040234708	0.2922370806035206	0	0	0	0	0	0	0	0	0	0	0	0	0	0	0	0	0	0	0	0	0	0	0.4870618010058677	0.19482472040234708	0	0	0	0	0	0	0	0	0	0	0	0	0	0	0	0	0	0	0	0	0	0	0	0	0	0	0	0	0	0	0	0	0
0	0	0	0	0	0	0	0	0	0	0	0	0	0.19482472040234708	0.06494157346744903	0	0	0	0	0	0	0	0	0	0	0	0	0	0	0	0	0	0	0	0	0	0	0.4545910142721432	0.12988314693489805	0	0	0	0	0	0	0	0	0	0	0	0	0	0	0	0	0	0	0	0	0	0	0	0	0	0	0	0	0	0	0	0	0
0	0	0	0	0	0	0	0	0	0	0	0	0	0	0	0	0	0	0	0	0	0	0	0	0	0	0	0	0	0	0	0	0	0	0	0	0	0.38964944080469416	0.2922370806035206	0	0	0	0	0	0	0	0	0	0	0	0	0	0	0	0	0	0	0	0	0	0	0	0	0	0	0	0	0	0	0	0	0
0	0	0	0	0	0	0	0	0	0	0	0	0	0	0	0	0	0	0	0	0	0	0	0	0	0	0	0	0	0	0	0	0	0	0	0	0	0.2597662938697961	0	0	0	0	0	0	0	0	0	0	0	0	0	0	0	0	0	0	0	0	0	0	0	0	0	0	0	0	0	0	0	0	0	0
0	0	0	0	0	0	0	0	0	0	0	0	0	0	0	0	0	0	0	0	0	0	0	0	0	0	0	0	0	0	0	0	0	0	0	0	0	0.38964944080469416	0	0	0	0	0	0	0	0	0	0	0	0	0	0	0	0	0	0	0	0	0	0	0	0	0	0	0	0	0	0	0	0	0	0
0	0	0	0	0	0	0	0	0	0	0	0	0	0	0	0	0	0	0	0	0	0	0	0	0	0	0	0	0	0	0	0	0	0	0	0	0	0.06494157346744903	0.2597662938697961	0	0	0	0	0	0	0	0	0	0	0	0	0	0	0	0	0	0	0	0	0	0	0	0	0	0	0	0	0	0	0	0	0
0	0	0	0	0	0	0	0	0	0	0	0	0	0	0	0	0	0	0	0	0	0	0	0	0	0	0	0	0	0	0	0	0	0	0	0	0	0	0	0	0	0	0	0	0	0	0	0	0	0	0	0	0	0	0	0	0	0	0	0	0	0	0	0	0	0	0	0	0	0	0	0
0	0	0	0	0	0	0	0	0	0	0	0	0	0	0	0	0	0	0	0	0	0	0	0	0	0	0	0	0	0	0	0	0	0	0	0	0	0	0	0.19482472040234708	0.3247078673372451	0	0	0	0	0	0	0	0	0	0	0	0	0	0	0	0	0	0	0	0	0	0	0	0	0	0	0	0	0	0	0
0.07792988816093882	0.11689483224140823	0	0	0	0	0	0.11689483224140823	0.07792988816093882	0	0	0	0	0	0	0	0	0	0	0	0	0	0	0	0	0	0	0	0	0	0	0	0	0	0	0	0	0.11689483224140823	0.3117195526437553	0.3117195526437553	0	0	0	0	0	0	0	0	0	0	0	0	0	0	0	0	0	0	0.03896494408046941	0.03896494408046941	0.23378966448281646	0.3117195526437553	0.4675793289656329	0.2727546085632859	0.19482472040234708	0.11689483224140823	0.11689483224140823	0.11689483224140823	0	0	0	0.23378966448281646
0	0	0	0	0	0	0	0	0	0	0	0	0	0	0	0	0	0	0	0	0	0	0	0	0	0	0	0	0	0.07792988816093882	0.19482472040234708	0.23378966448281646	0.19482472040234705	0	0	0	0	0.15585977632187764	0.4286143848851635	0.4675793289656329	0	0	0	0	0	0	0	0	0.03896494408046941	0.03896494408046941	0.11689483224140823	0.4675793289656329	0.15585977632187764	0.19482472040234708	0.19482472040234708	0.19482472040234708	0.19482472040234708	0.11689483224140823	0.03896494408046941	0.11689483224140823	0	0	0	0	0.23378966448281646	0.38964944080469416	0.15585977632187764	0	0	0	0	0
0	0	0	0	0	0	0	0	0	0	0	0	0	0	0	0	0	0	0	0.013916051457310504	0.06958025728655252	0.06958025728655252	0.13916051457310505	0.13916051457310505	0.06958025728655252	0.12524446311579454	0.11132841165848403	0.06958025728655252	0	0	0	0	0	0	0.05566420582924202	0.13916051457310505	0.06958025728655252	0.06958025728655252	0.06958025728655252	0.02783210291462101	0	0	0	0	0	0	0.06958025728655252	0.06958025728655252	0	0	0	0	0	0	0	0	0	0	0	0	0	0	0	0	0	0	0	0	0	0	0	0
2*" "
 