netcdf bcond2d {
dimensions:
	longitude = 36 ;
	latitude = 36 ;
variables:
	float longitude(longitude) ;
		longitude:long_name = "longitude" ;
		longitude:units = "degrees east" ;
		longitude:missing_value = -99999.f ;
	float latitude(latitude) ;
		latitude:long_name = "latitude" ;
		latitude:units = "degrees north" ;
		latitude:missing_value = -99999.f ;
	float time ;
		time:long_name = "Month Number" ;
		time:units = "seconds" ;
		time:missing_value = -99999.f ;
	float temprestore(latitude, longitude) ;
		temprestore:long_name = "temperature to restore to" ;
		temprestore:units = "C" ;
		temprestore:missing_value = -99999.f ;
	float saltrestore(latitude, longitude) ;
		saltrestore:long_name = "salinity to restore to" ;
		saltrestore:units = "PSU" ;
		saltrestore:missing_value = -99999.f ;
	float heatflux(latitude, longitude) ;
		heatflux:long_name = "Total heatflux" ;
		heatflux:units = "W/m**2" ;
		heatflux:missing_value = -99999.f ;
	float freshwflux(latitude, longitude) ;
		freshwflux:long_name = "Total salt flux" ;
		freshwflux:units = "m/s" ;
		freshwflux:missing_value = -99999.f ;
	float stressx(latitude, longitude) ;
		stressx:long_name = "x surface wind stress" ;
		stressx:units = "" ;
		stressx:missing_value = -99999.f ;
	float stressy(latitude, longitude) ;
		stressy:long_name = "y surface wind stress" ;
		stressy:units = "" ;
		stressy:missing_value = -99999.f ;

// global attributes:
		:title = "Matlab (editdata.m) edited climate file" ;
		:history = "Mon Mar 19 16:09:42 2007: ncwa -a time bcond.nc bcond2d.nc" ;
data:

 longitude = -255, -245, -235, -225, -215, -205, -195, -185, -175, -165, 
    -155, -145, -135, -125, -115, -105, -95, -85, -75, -65, -55, -45, -35, 
    -25, -15, -5, 5, 15, 25, 35, 45, 55, 65, 75, 85, 95 ;

 latitude = -76.46379, -66.44353, -59.44156, -53.66394, -48.59038, -43.98296, 
    -39.70901, -35.68533, -31.85543, -28.17864, -24.62432, -21.16845, 
    -17.79159, -14.47751, -11.21227, -7.983555, -4.780191, -1.591754, 
    1.591755, 4.780192, 7.983556, 11.21227, 14.47751, 17.79159, 21.16845, 
    24.62432, 28.17864, 31.85543, 35.68534, 39.70901, 43.98296, 48.59038, 
    53.66394, 59.44156, 66.44353, 76.46379 ;

 time = 6.5 ;

 temprestore =
  -0.860416, -0.860416, -0.860416, -0.860416, -0.860416, -0.860416, 
    -0.860416, -0.860416, -0.860416, -0.860416, -0.860416, -0.860416, 
    -0.860416, -0.860416, -0.860416, -0.860416, -0.860416, -0.860416, 
    -0.860416, -0.860416, -0.860416, -0.860416, -0.860416, -0.860416, 
    -0.860416, -0.860416, -0.860416, -0.860416, -0.860416, -0.860416, 
    -0.860416, -0.860416, -0.860416, -0.860416, -0.860416, -0.860416,
  1.006642, 1.006642, 1.006642, 1.006642, 1.006642, 1.006642, 1.006642, 
    1.006642, 1.006642, 1.006642, 1.006642, 1.006642, 1.006642, 1.006642, 
    1.006642, 1.006642, 1.006642, 1.006642, 1.006642, 1.006642, 1.006642, 
    1.006642, 1.006642, 1.006642, 1.006642, 1.006642, 1.006642, 1.006642, 
    1.006642, 1.006642, 1.006642, 1.006642, 1.006642, 1.006642, 1.006642, 
    1.006642,
  3.474248, 3.474248, 3.474248, 3.474248, 3.474248, 3.474248, 3.474248, 
    3.474248, 3.474248, 3.474248, 3.474248, 3.474248, 3.474248, 3.474248, 
    3.474248, 3.474248, 3.474248, 3.474248, 3.474248, 3.474248, 3.474248, 
    3.474248, 3.474248, 3.474248, 3.474248, 3.474248, 3.474248, 3.474248, 
    3.474248, 3.474248, 3.474248, 3.474248, 3.474248, 3.474248, 3.474248, 
    3.474248,
  6.087584, 6.087584, 6.087584, 6.087584, 6.087584, 6.087584, 6.087584, 
    6.087584, 6.087584, 6.087584, 6.087584, 6.087584, 6.087584, 6.087584, 
    6.087584, 6.087584, 6.087584, 6.087584, 6.087584, 6.087584, 6.087584, 
    6.087584, 6.087584, 6.087584, 6.087584, 6.087584, 6.087584, 6.087584, 
    6.087584, 6.087584, 6.087584, 6.087584, 6.087584, 6.087584, 6.087584, 
    6.087584,
  8.700768, 8.700768, 8.700768, 8.700768, 8.700768, 8.700768, 8.700768, 
    8.700768, 8.700768, 8.700768, 8.700768, 8.700768, 8.700768, 8.700768, 
    8.700768, 8.700768, 8.700768, 8.700768, 8.700768, 8.700768, 8.700768, 
    8.700768, 8.700768, 8.700768, 8.700768, 8.700768, 8.700768, 8.700768, 
    8.700768, 8.700768, 8.700768, 8.700768, 8.700768, 8.700768, 8.700768, 
    8.700768,
  11.24128, 11.24128, 11.24128, 11.24128, 11.24128, 11.24128, 11.24128, 
    11.24128, 11.24128, 11.24128, 11.24128, 11.24128, 11.24128, 11.24128, 
    11.24128, 11.24128, 11.24128, 11.24128, 11.24128, 11.24128, 11.24128, 
    11.24128, 11.24128, 11.24128, 11.24128, 11.24128, 11.24128, 11.24128, 
    11.24128, 11.24128, 11.24128, 11.24128, 11.24128, 11.24128, 11.24128, 
    11.24128,
  13.66569, 13.66569, 13.66569, 13.66569, 13.66569, 13.66569, 13.66569, 
    13.66569, 13.66569, 13.66569, 13.66569, 13.66569, 13.66569, 13.66569, 
    13.66569, 13.66569, 13.66569, 13.66569, 13.66569, 13.66569, 13.66569, 
    13.66569, 13.66569, 13.66569, 13.66569, 13.66569, 13.66569, 13.66569, 
    13.66569, 13.66569, 13.66569, 13.66569, 13.66569, 13.66569, 13.66569, 
    13.66569,
  15.94509, 15.94509, 15.94509, 15.94509, 15.94509, 15.94509, 15.94509, 
    15.94509, 15.94509, 15.94509, 15.94509, 15.94509, 15.94509, 15.94509, 
    15.94509, 15.94509, 15.94509, 15.94509, 15.94509, 15.94509, 15.94509, 
    15.94509, 15.94509, 15.94509, 15.94509, 15.94509, 15.94509, 15.94509, 
    15.94509, 15.94509, 15.94509, 15.94509, 15.94509, 15.94509, 15.94509, 
    15.94509,
  18.05896, 18.05896, 18.05896, 18.05896, 18.05896, 18.05896, 18.05896, 
    18.05896, 18.05896, 18.05896, 18.05896, 18.05896, 18.05896, 18.05896, 
    18.05896, 18.05896, 18.05896, 18.05896, 18.05896, 18.05896, 18.05896, 
    18.05896, 18.05896, 18.05896, 18.05896, 18.05896, 18.05896, 18.05896, 
    18.05896, 18.05896, 18.05896, 18.05896, 18.05896, 18.05896, 18.05896, 
    18.05896,
  19.99207, 19.99207, 19.99207, 19.99207, 19.99207, 19.99207, 19.99207, 
    19.99207, 19.99207, 19.99207, 19.99207, 19.99207, 19.99207, 19.99207, 
    19.99207, 19.99207, 19.99207, 19.99207, 19.99207, 19.99207, 19.99207, 
    19.99207, 19.99207, 19.99207, 19.99207, 19.99207, 19.99207, 19.99207, 
    19.99207, 19.99207, 19.99207, 19.99207, 19.99207, 19.99207, 19.99207, 
    19.99207,
  21.73275, 21.73275, 21.73275, 21.73275, 21.73275, 21.73275, 21.73275, 
    21.73275, 21.73275, 21.73275, 21.73275, 21.73275, 21.73275, 21.73275, 
    21.73275, 21.73275, 21.73275, 21.73275, 21.73275, 21.73275, 21.73275, 
    21.73275, 21.73275, 21.73275, 21.73275, 21.73275, 21.73275, 21.73275, 
    21.73275, 21.73275, 21.73275, 21.73275, 21.73275, 21.73275, 21.73275, 
    21.73275,
  23.27196, 23.27196, 23.27196, 23.27196, 23.27196, 23.27196, 23.27196, 
    23.27196, 23.27196, 23.27196, 23.27196, 23.27196, 23.27196, 23.27196, 
    23.27196, 23.27196, 23.27196, 23.27196, 23.27196, 23.27196, 23.27196, 
    23.27196, 23.27196, 23.27196, 23.27196, 23.27196, 23.27196, 23.27196, 
    23.27196, 23.27196, 23.27196, 23.27196, 23.27196, 23.27196, 23.27196, 
    23.27196,
  24.60259, 24.60259, 24.60259, 24.60259, 24.60259, 24.60259, 24.60259, 
    24.60259, 24.60259, 24.60259, 24.60259, 24.60259, 24.60259, 24.60259, 
    24.60259, 24.60259, 24.60259, 24.60259, 24.60259, 24.60259, 24.60259, 
    24.60259, 24.60259, 24.60259, 24.60259, 24.60259, 24.60259, 24.60259, 
    24.60259, 24.60259, 24.60259, 24.60259, 24.60259, 24.60259, 24.60259, 
    24.60259,
  25.71905, 25.71905, 25.71905, 25.71905, 25.71905, 25.71905, 25.71905, 
    25.71905, 25.71905, 25.71905, 25.71905, 25.71905, 25.71905, 25.71905, 
    25.71905, 25.71905, 25.71905, 25.71905, 25.71905, 25.71905, 25.71905, 
    25.71905, 25.71905, 25.71905, 25.71905, 25.71905, 25.71905, 25.71905, 
    25.71905, 25.71905, 25.71905, 25.71905, 25.71905, 25.71905, 25.71905, 
    25.71905,
  26.61702, 26.61702, 26.61702, 26.61702, 26.61702, 26.61702, 26.61702, 
    26.61702, 26.61702, 26.61702, 26.61702, 26.61702, 26.61702, 26.61702, 
    26.61702, 26.61702, 26.61702, 26.61702, 26.61702, 26.61702, 26.61702, 
    26.61702, 26.61702, 26.61702, 26.61702, 26.61702, 26.61702, 26.61702, 
    26.61702, 26.61702, 26.61702, 26.61702, 26.61702, 26.61702, 26.61702, 
    26.61702,
  27.29321, 27.29321, 27.29321, 27.29321, 27.29321, 27.29321, 27.29321, 
    27.29321, 27.29321, 27.29321, 27.29321, 27.29321, 27.29321, 27.29321, 
    27.29321, 27.29321, 27.29321, 27.29321, 27.29321, 27.29321, 27.29321, 
    27.29321, 27.29321, 27.29321, 27.29321, 27.29321, 27.29321, 27.29321, 
    27.29321, 27.29321, 27.29321, 27.29321, 27.29321, 27.29321, 27.29321, 
    27.29321,
  27.74527, 27.74527, 27.74527, 27.74527, 27.74527, 27.74527, 27.74527, 
    27.74527, 27.74527, 27.74527, 27.74527, 27.74527, 27.74527, 27.74527, 
    27.74527, 27.74527, 27.74527, 27.74527, 27.74527, 27.74527, 27.74527, 
    27.74527, 27.74527, 27.74527, 27.74527, 27.74527, 27.74527, 27.74527, 
    27.74527, 27.74527, 27.74527, 27.74527, 27.74527, 27.74527, 27.74527, 
    27.74527,
  27.97168, 27.97168, 27.97168, 27.97168, 27.97168, 27.97168, 27.97168, 
    27.97168, 27.97168, 27.97168, 27.97168, 27.97168, 27.97168, 27.97168, 
    27.97168, 27.97168, 27.97168, 27.97168, 27.97168, 27.97168, 27.97168, 
    27.97168, 27.97168, 27.97168, 27.97168, 27.97168, 27.97168, 27.97168, 
    27.97168, 27.97168, 27.97168, 27.97168, 27.97168, 27.97168, 27.97168, 
    27.97168,
  27.97168, 27.97168, 27.97168, 27.97168, 27.97168, 27.97168, 27.97168, 
    27.97168, 27.97168, 27.97168, 27.97168, 27.97168, 27.97168, 27.97168, 
    27.97168, 27.97168, 27.97168, 27.97168, 27.97168, 27.97168, 27.97168, 
    27.97168, 27.97168, 27.97168, 27.97168, 27.97168, 27.97168, 27.97168, 
    27.97168, 27.97168, 27.97168, 27.97168, 27.97168, 27.97168, 27.97168, 
    27.97168,
  27.74527, 27.74527, 27.74527, 27.74527, 27.74527, 27.74527, 27.74527, 
    27.74527, 27.74527, 27.74527, 27.74527, 27.74527, 27.74527, 27.74527, 
    27.74527, 27.74527, 27.74527, 27.74527, 27.74527, 27.74527, 27.74527, 
    27.74527, 27.74527, 27.74527, 27.74527, 27.74527, 27.74527, 27.74527, 
    27.74527, 27.74527, 27.74527, 27.74527, 27.74527, 27.74527, 27.74527, 
    27.74527,
  27.29321, 27.29321, 27.29321, 27.29321, 27.29321, 27.29321, 27.29321, 
    27.29321, 27.29321, 27.29321, 27.29321, 27.29321, 27.29321, 27.29321, 
    27.29321, 27.29321, 27.29321, 27.29321, 27.29321, 27.29321, 27.29321, 
    27.29321, 27.29321, 27.29321, 27.29321, 27.29321, 27.29321, 27.29321, 
    27.29321, 27.29321, 27.29321, 27.29321, 27.29321, 27.29321, 27.29321, 
    27.29321,
  26.61702, 26.61702, 26.61702, 26.61702, 26.61702, 26.61702, 26.61702, 
    26.61702, 26.61702, 26.61702, 26.61702, 26.61702, 26.61702, 26.61702, 
    26.61702, 26.61702, 26.61702, 26.61702, 26.61702, 26.61702, 26.61702, 
    26.61702, 26.61702, 26.61702, 26.61702, 26.61702, 26.61702, 26.61702, 
    26.61702, 26.61702, 26.61702, 26.61702, 26.61702, 26.61702, 26.61702, 
    26.61702,
  25.71905, 25.71905, 25.71905, 25.71905, 25.71905, 25.71905, 25.71905, 
    25.71905, 25.71905, 25.71905, 25.71905, 25.71905, 25.71905, 25.71905, 
    25.71905, 25.71905, 25.71905, 25.71905, 25.71905, 25.71905, 25.71905, 
    25.71905, 25.71905, 25.71905, 25.71905, 25.71905, 25.71905, 25.71905, 
    25.71905, 25.71905, 25.71905, 25.71905, 25.71905, 25.71905, 25.71905, 
    25.71905,
  24.60259, 24.60259, 24.60259, 24.60259, 24.60259, 24.60259, 24.60259, 
    24.60259, 24.60259, 24.60259, 24.60259, 24.60259, 24.60259, 24.60259, 
    24.60259, 24.60259, 24.60259, 24.60259, 24.60259, 24.60259, 24.60259, 
    24.60259, 24.60259, 24.60259, 24.60259, 24.60259, 24.60259, 24.60259, 
    24.60259, 24.60259, 24.60259, 24.60259, 24.60259, 24.60259, 24.60259, 
    24.60259,
  23.27196, 23.27196, 23.27196, 23.27196, 23.27196, 23.27196, 23.27196, 
    23.27196, 23.27196, 23.27196, 23.27196, 23.27196, 23.27196, 23.27196, 
    23.27196, 23.27196, 23.27196, 23.27196, 23.27196, 23.27196, 23.27196, 
    23.27196, 23.27196, 23.27196, 23.27196, 23.27196, 23.27196, 23.27196, 
    23.27196, 23.27196, 23.27196, 23.27196, 23.27196, 23.27196, 23.27196, 
    23.27196,
  21.73275, 21.73275, 21.73275, 21.73275, 21.73275, 21.73275, 21.73275, 
    21.73275, 21.73275, 21.73275, 21.73275, 21.73275, 21.73275, 21.73275, 
    21.73275, 21.73275, 21.73275, 21.73275, 21.73275, 21.73275, 21.73275, 
    21.73275, 21.73275, 21.73275, 21.73275, 21.73275, 21.73275, 21.73275, 
    21.73275, 21.73275, 21.73275, 21.73275, 21.73275, 21.73275, 21.73275, 
    21.73275,
  19.99207, 19.99207, 19.99207, 19.99207, 19.99207, 19.99207, 19.99207, 
    19.99207, 19.99207, 19.99207, 19.99207, 19.99207, 19.99207, 19.99207, 
    19.99207, 19.99207, 19.99207, 19.99207, 19.99207, 19.99207, 19.99207, 
    19.99207, 19.99207, 19.99207, 19.99207, 19.99207, 19.99207, 19.99207, 
    19.99207, 19.99207, 19.99207, 19.99207, 19.99207, 19.99207, 19.99207, 
    19.99207,
  18.05896, 18.05896, 18.05896, 18.05896, 18.05896, 18.05896, 18.05896, 
    18.05896, 18.05896, 18.05896, 18.05896, 18.05896, 18.05896, 18.05896, 
    18.05896, 18.05896, 18.05896, 18.05896, 18.05896, 18.05896, 18.05896, 
    18.05896, 18.05896, 18.05896, 18.05896, 18.05896, 18.05896, 18.05896, 
    18.05896, 18.05896, 18.05896, 18.05896, 18.05896, 18.05896, 18.05896, 
    18.05896,
  15.94509, 15.94509, 15.94509, 15.94509, 15.94509, 15.94509, 15.94509, 
    15.94509, 15.94509, 15.94509, 15.94509, 15.94509, 15.94509, 15.94509, 
    15.94509, 15.94509, 15.94509, 15.94509, 15.94509, 15.94509, 15.94509, 
    15.94509, 15.94509, 15.94509, 15.94509, 15.94509, 15.94509, 15.94509, 
    15.94509, 15.94509, 15.94509, 15.94509, 15.94509, 15.94509, 15.94509, 
    15.94509,
  13.66569, 13.66569, 13.66569, 13.66569, 13.66569, 13.66569, 13.66569, 
    13.66569, 13.66569, 13.66569, 13.66569, 13.66569, 13.66569, 13.66569, 
    13.66569, 13.66569, 13.66569, 13.66569, 13.66569, 13.66569, 13.66569, 
    13.66569, 13.66569, 13.66569, 13.66569, 13.66569, 13.66569, 13.66569, 
    13.66569, 13.66569, 13.66569, 13.66569, 13.66569, 13.66569, 13.66569, 
    13.66569,
  11.24128, 11.24128, 11.24128, 11.24128, 11.24128, 11.24128, 11.24128, 
    11.24128, 11.24128, 11.24128, 11.24128, 11.24128, 11.24128, 11.24128, 
    11.24128, 11.24128, 11.24128, 11.24128, 11.24128, 11.24128, 11.24128, 
    11.24128, 11.24128, 11.24128, 11.24128, 11.24128, 11.24128, 11.24128, 
    11.24128, 11.24128, 11.24128, 11.24128, 11.24128, 11.24128, 11.24128, 
    11.24128,
  8.700768, 8.700768, 8.700768, 8.700768, 8.700768, 8.700768, 8.700768, 
    8.700768, 8.700768, 8.700768, 8.700768, 8.700768, 8.700768, 8.700768, 
    8.700768, 8.700768, 8.700768, 8.700768, 8.700768, 8.700768, 8.700768, 
    8.700768, 8.700768, 8.700768, 8.700768, 8.700768, 8.700768, 8.700768, 
    8.700768, 8.700768, 8.700768, 8.700768, 8.700768, 8.700768, 8.700768, 
    8.700768,
  6.087584, 6.087584, 6.087584, 6.087584, 6.087584, 6.087584, 6.087584, 
    6.087584, 6.087584, 6.087584, 6.087584, 6.087584, 6.087584, 6.087584, 
    6.087584, 6.087584, 6.087584, 6.087584, 6.087584, 6.087584, 6.087584, 
    6.087584, 6.087584, 6.087584, 6.087584, 6.087584, 6.087584, 6.087584, 
    6.087584, 6.087584, 6.087584, 6.087584, 6.087584, 6.087584, 6.087584, 
    6.087584,
  3.474248, 3.474248, 3.474248, 3.474248, 3.474248, 3.474248, 3.474248, 
    3.474248, 3.474248, 3.474248, 3.474248, 3.474248, 3.474248, 3.474248, 
    3.474248, 3.474248, 3.474248, 3.474248, 3.474248, 3.474248, 3.474248, 
    3.474248, 3.474248, 3.474248, 3.474248, 3.474248, 3.474248, 3.474248, 
    3.474248, 3.474248, 3.474248, 3.474248, 3.474248, 3.474248, 3.474248, 
    3.474248,
  1.006642, 1.006642, 1.006642, 1.006642, 1.006642, 1.006642, 1.006642, 
    1.006642, 1.006642, 1.006642, 1.006642, 1.006642, 1.006642, 1.006642, 
    1.006642, 1.006642, 1.006642, 1.006642, 1.006642, 1.006642, 1.006642, 
    1.006642, 1.006642, 1.006642, 1.006642, 1.006642, 1.006642, 1.006642, 
    1.006642, 1.006642, 1.006642, 1.006642, 1.006642, 1.006642, 1.006642, 
    1.006642,
  -0.860416, -0.860416, -0.860416, -0.860416, -0.860416, -0.860416, 
    -0.860416, -0.860416, -0.860416, -0.860416, -0.860416, -0.860416, 
    -0.860416, -0.860416, -0.860416, -0.860416, -0.860416, -0.860416, 
    -0.860416, -0.860416, -0.860416, -0.860416, -0.860416, -0.860416, 
    -0.860416, -0.860416, -0.860416, -0.860416, -0.860416, -0.860416, 
    -0.860416, -0.860416, -0.860416, -0.860416, -0.860416, -0.860416 ;

 saltrestore =
  34.03832, 34.03832, 34.03832, 34.03832, 34.03832, 34.03832, 34.03832, 
    34.03832, 34.03832, 34.03832, 34.03832, 34.03832, 34.03832, 34.03832, 
    34.03832, 34.03832, 34.03832, 34.03832, 34.03832, 34.03832, 34.03832, 
    34.03832, 34.03832, 34.03832, 34.03832, 34.03832, 34.03832, 34.03832, 
    34.03832, 34.03832, 34.03832, 34.03832, 34.03832, 34.03832, 34.03832, 
    34.03832,
  34.51525, 34.51525, 34.51525, 34.51525, 34.51525, 34.51525, 34.51525, 
    34.51525, 34.51525, 34.51525, 34.51525, 34.51525, 34.51525, 34.51525, 
    34.51525, 34.51525, 34.51525, 34.51525, 34.51525, 34.51525, 34.51525, 
    34.51525, 34.51525, 34.51525, 34.51525, 34.51525, 34.51525, 34.51525, 
    34.51525, 34.51525, 34.51525, 34.51525, 34.51525, 34.51525, 34.51525, 
    34.51525,
  35.04385, 35.04385, 35.04385, 35.04385, 35.04385, 35.04385, 35.04385, 
    35.04385, 35.04385, 35.04385, 35.04385, 35.04385, 35.04385, 35.04385, 
    35.04385, 35.04385, 35.04385, 35.04385, 35.04385, 35.04385, 35.04385, 
    35.04385, 35.04385, 35.04385, 35.04385, 35.04385, 35.04385, 35.04385, 
    35.04385, 35.04385, 35.04385, 35.04385, 35.04385, 35.04385, 35.04385, 
    35.04385,
  35.47735, 35.47735, 35.47735, 35.47735, 35.47735, 35.47735, 35.47735, 
    35.47735, 35.47735, 35.47735, 35.47735, 35.47735, 35.47735, 35.47735, 
    35.47735, 35.47735, 35.47735, 35.47735, 35.47735, 35.47735, 35.47735, 
    35.47735, 35.47735, 35.47735, 35.47735, 35.47735, 35.47735, 35.47735, 
    35.47735, 35.47735, 35.47735, 35.47735, 35.47735, 35.47735, 35.47735, 
    35.47735,
  35.7809, 35.7809, 35.7809, 35.7809, 35.7809, 35.7809, 35.7809, 35.7809, 
    35.7809, 35.7809, 35.7809, 35.7809, 35.7809, 35.7809, 35.7809, 35.7809, 
    35.7809, 35.7809, 35.7809, 35.7809, 35.7809, 35.7809, 35.7809, 35.7809, 
    35.7809, 35.7809, 35.7809, 35.7809, 35.7809, 35.7809, 35.7809, 35.7809, 
    35.7809, 35.7809, 35.7809, 35.7809,
  35.95147, 35.95147, 35.95147, 35.95147, 35.95147, 35.95147, 35.95147, 
    35.95147, 35.95147, 35.95147, 35.95147, 35.95147, 35.95147, 35.95147, 
    35.95147, 35.95147, 35.95147, 35.95147, 35.95147, 35.95147, 35.95147, 
    35.95147, 35.95147, 35.95147, 35.95147, 35.95147, 35.95147, 35.95147, 
    35.95147, 35.95147, 35.95147, 35.95147, 35.95147, 35.95147, 35.95147, 
    35.95147,
  35.99974, 35.99974, 35.99974, 35.99974, 35.99974, 35.99974, 35.99974, 
    35.99974, 35.99974, 35.99974, 35.99974, 35.99974, 35.99974, 35.99974, 
    35.99974, 35.99974, 35.99974, 35.99974, 35.99974, 35.99974, 35.99974, 
    35.99974, 35.99974, 35.99974, 35.99974, 35.99974, 35.99974, 35.99974, 
    35.99974, 35.99974, 35.99974, 35.99974, 35.99974, 35.99974, 35.99974, 
    35.99974,
  35.94313, 35.94313, 35.94313, 35.94313, 35.94313, 35.94313, 35.94313, 
    35.94313, 35.94313, 35.94313, 35.94313, 35.94313, 35.94313, 35.94313, 
    35.94313, 35.94313, 35.94313, 35.94313, 35.94313, 35.94313, 35.94313, 
    35.94313, 35.94313, 35.94313, 35.94313, 35.94313, 35.94313, 35.94313, 
    35.94313, 35.94313, 35.94313, 35.94313, 35.94313, 35.94313, 35.94313, 
    35.94313,
  35.80229, 35.80229, 35.80229, 35.80229, 35.80229, 35.80229, 35.80229, 
    35.80229, 35.80229, 35.80229, 35.80229, 35.80229, 35.80229, 35.80229, 
    35.80229, 35.80229, 35.80229, 35.80229, 35.80229, 35.80229, 35.80229, 
    35.80229, 35.80229, 35.80229, 35.80229, 35.80229, 35.80229, 35.80229, 
    35.80229, 35.80229, 35.80229, 35.80229, 35.80229, 35.80229, 35.80229, 
    35.80229,
  35.59908, 35.59908, 35.59908, 35.59908, 35.59908, 35.59908, 35.59908, 
    35.59908, 35.59908, 35.59908, 35.59908, 35.59908, 35.59908, 35.59908, 
    35.59908, 35.59908, 35.59908, 35.59908, 35.59908, 35.59908, 35.59908, 
    35.59908, 35.59908, 35.59908, 35.59908, 35.59908, 35.59908, 35.59908, 
    35.59908, 35.59908, 35.59908, 35.59908, 35.59908, 35.59908, 35.59908, 
    35.59908,
  35.35526, 35.35526, 35.35526, 35.35526, 35.35526, 35.35526, 35.35526, 
    35.35526, 35.35526, 35.35526, 35.35526, 35.35526, 35.35526, 35.35526, 
    35.35526, 35.35526, 35.35526, 35.35526, 35.35526, 35.35526, 35.35526, 
    35.35526, 35.35526, 35.35526, 35.35526, 35.35526, 35.35526, 35.35526, 
    35.35526, 35.35526, 35.35526, 35.35526, 35.35526, 35.35526, 35.35526, 
    35.35526,
  35.09164, 35.09164, 35.09164, 35.09164, 35.09164, 35.09164, 35.09164, 
    35.09164, 35.09164, 35.09164, 35.09164, 35.09164, 35.09164, 35.09164, 
    35.09164, 35.09164, 35.09164, 35.09164, 35.09164, 35.09164, 35.09164, 
    35.09164, 35.09164, 35.09164, 35.09164, 35.09164, 35.09164, 35.09164, 
    35.09164, 35.09164, 35.09164, 35.09164, 35.09164, 35.09164, 35.09164, 
    35.09164,
  34.82742, 34.82742, 34.82742, 34.82742, 34.82742, 34.82742, 34.82742, 
    34.82742, 34.82742, 34.82742, 34.82742, 34.82742, 34.82742, 34.82742, 
    34.82742, 34.82742, 34.82742, 34.82742, 34.82742, 34.82742, 34.82742, 
    34.82742, 34.82742, 34.82742, 34.82742, 34.82742, 34.82742, 34.82742, 
    34.82742, 34.82742, 34.82742, 34.82742, 34.82742, 34.82742, 34.82742, 
    34.82742,
  34.57974, 34.57974, 34.57974, 34.57974, 34.57974, 34.57974, 34.57974, 
    34.57974, 34.57974, 34.57974, 34.57974, 34.57974, 34.57974, 34.57974, 
    34.57974, 34.57974, 34.57974, 34.57974, 34.57974, 34.57974, 34.57974, 
    34.57974, 34.57974, 34.57974, 34.57974, 34.57974, 34.57974, 34.57974, 
    34.57974, 34.57974, 34.57974, 34.57974, 34.57974, 34.57974, 34.57974, 
    34.57974,
  34.36332, 34.36332, 34.36332, 34.36332, 34.36332, 34.36332, 34.36332, 
    34.36332, 34.36332, 34.36332, 34.36332, 34.36332, 34.36332, 34.36332, 
    34.36332, 34.36332, 34.36332, 34.36332, 34.36332, 34.36332, 34.36332, 
    34.36332, 34.36332, 34.36332, 34.36332, 34.36332, 34.36332, 34.36332, 
    34.36332, 34.36332, 34.36332, 34.36332, 34.36332, 34.36332, 34.36332, 
    34.36332,
  34.19022, 34.19022, 34.19022, 34.19022, 34.19022, 34.19022, 34.19022, 
    34.19022, 34.19022, 34.19022, 34.19022, 34.19022, 34.19022, 34.19022, 
    34.19022, 34.19022, 34.19022, 34.19022, 34.19022, 34.19022, 34.19022, 
    34.19022, 34.19022, 34.19022, 34.19022, 34.19022, 34.19022, 34.19022, 
    34.19022, 34.19022, 34.19022, 34.19022, 34.19022, 34.19022, 34.19022, 
    34.19022,
  34.06965, 34.06965, 34.06965, 34.06965, 34.06965, 34.06965, 34.06965, 
    34.06965, 34.06965, 34.06965, 34.06965, 34.06965, 34.06965, 34.06965, 
    34.06965, 34.06965, 34.06965, 34.06965, 34.06965, 34.06965, 34.06965, 
    34.06965, 34.06965, 34.06965, 34.06965, 34.06965, 34.06965, 34.06965, 
    34.06965, 34.06965, 34.06965, 34.06965, 34.06965, 34.06965, 34.06965, 
    34.06965,
  34.0078, 34.0078, 34.0078, 34.0078, 34.0078, 34.0078, 34.0078, 34.0078, 
    34.0078, 34.0078, 34.0078, 34.0078, 34.0078, 34.0078, 34.0078, 34.0078, 
    34.0078, 34.0078, 34.0078, 34.0078, 34.0078, 34.0078, 34.0078, 34.0078, 
    34.0078, 34.0078, 34.0078, 34.0078, 34.0078, 34.0078, 34.0078, 34.0078, 
    34.0078, 34.0078, 34.0078, 34.0078,
  34.0078, 34.0078, 34.0078, 34.0078, 34.0078, 34.0078, 34.0078, 34.0078, 
    34.0078, 34.0078, 34.0078, 34.0078, 34.0078, 34.0078, 34.0078, 34.0078, 
    34.0078, 34.0078, 34.0078, 34.0078, 34.0078, 34.0078, 34.0078, 34.0078, 
    34.0078, 34.0078, 34.0078, 34.0078, 34.0078, 34.0078, 34.0078, 34.0078, 
    34.0078, 34.0078, 34.0078, 34.0078,
  34.06965, 34.06965, 34.06965, 34.06965, 34.06965, 34.06965, 34.06965, 
    34.06965, 34.06965, 34.06965, 34.06965, 34.06965, 34.06965, 34.06965, 
    34.06965, 34.06965, 34.06965, 34.06965, 34.06965, 34.06965, 34.06965, 
    34.06965, 34.06965, 34.06965, 34.06965, 34.06965, 34.06965, 34.06965, 
    34.06965, 34.06965, 34.06965, 34.06965, 34.06965, 34.06965, 34.06965, 
    34.06965,
  34.19022, 34.19022, 34.19022, 34.19022, 34.19022, 34.19022, 34.19022, 
    34.19022, 34.19022, 34.19022, 34.19022, 34.19022, 34.19022, 34.19022, 
    34.19022, 34.19022, 34.19022, 34.19022, 34.19022, 34.19022, 34.19022, 
    34.19022, 34.19022, 34.19022, 34.19022, 34.19022, 34.19022, 34.19022, 
    34.19022, 34.19022, 34.19022, 34.19022, 34.19022, 34.19022, 34.19022, 
    34.19022,
  34.36332, 34.36332, 34.36332, 34.36332, 34.36332, 34.36332, 34.36332, 
    34.36332, 34.36332, 34.36332, 34.36332, 34.36332, 34.36332, 34.36332, 
    34.36332, 34.36332, 34.36332, 34.36332, 34.36332, 34.36332, 34.36332, 
    34.36332, 34.36332, 34.36332, 34.36332, 34.36332, 34.36332, 34.36332, 
    34.36332, 34.36332, 34.36332, 34.36332, 34.36332, 34.36332, 34.36332, 
    34.36332,
  34.57974, 34.57974, 34.57974, 34.57974, 34.57974, 34.57974, 34.57974, 
    34.57974, 34.57974, 34.57974, 34.57974, 34.57974, 34.57974, 34.57974, 
    34.57974, 34.57974, 34.57974, 34.57974, 34.57974, 34.57974, 34.57974, 
    34.57974, 34.57974, 34.57974, 34.57974, 34.57974, 34.57974, 34.57974, 
    34.57974, 34.57974, 34.57974, 34.57974, 34.57974, 34.57974, 34.57974, 
    34.57974,
  34.82742, 34.82742, 34.82742, 34.82742, 34.82742, 34.82742, 34.82742, 
    34.82742, 34.82742, 34.82742, 34.82742, 34.82742, 34.82742, 34.82742, 
    34.82742, 34.82742, 34.82742, 34.82742, 34.82742, 34.82742, 34.82742, 
    34.82742, 34.82742, 34.82742, 34.82742, 34.82742, 34.82742, 34.82742, 
    34.82742, 34.82742, 34.82742, 34.82742, 34.82742, 34.82742, 34.82742, 
    34.82742,
  35.09164, 35.09164, 35.09164, 35.09164, 35.09164, 35.09164, 35.09164, 
    35.09164, 35.09164, 35.09164, 35.09164, 35.09164, 35.09164, 35.09164, 
    35.09164, 35.09164, 35.09164, 35.09164, 35.09164, 35.09164, 35.09164, 
    35.09164, 35.09164, 35.09164, 35.09164, 35.09164, 35.09164, 35.09164, 
    35.09164, 35.09164, 35.09164, 35.09164, 35.09164, 35.09164, 35.09164, 
    35.09164,
  35.35526, 35.35526, 35.35526, 35.35526, 35.35526, 35.35526, 35.35526, 
    35.35526, 35.35526, 35.35526, 35.35526, 35.35526, 35.35526, 35.35526, 
    35.35526, 35.35526, 35.35526, 35.35526, 35.35526, 35.35526, 35.35526, 
    35.35526, 35.35526, 35.35526, 35.35526, 35.35526, 35.35526, 35.35526, 
    35.35526, 35.35526, 35.35526, 35.35526, 35.35526, 35.35526, 35.35526, 
    35.35526,
  35.59908, 35.59908, 35.59908, 35.59908, 35.59908, 35.59908, 35.59908, 
    35.59908, 35.59908, 35.59908, 35.59908, 35.59908, 35.59908, 35.59908, 
    35.59908, 35.59908, 35.59908, 35.59908, 35.59908, 35.59908, 35.59908, 
    35.59908, 35.59908, 35.59908, 35.59908, 35.59908, 35.59908, 35.59908, 
    35.59908, 35.59908, 35.59908, 35.59908, 35.59908, 35.59908, 35.59908, 
    35.59908,
  35.80229, 35.80229, 35.80229, 35.80229, 35.80229, 35.80229, 35.80229, 
    35.80229, 35.80229, 35.80229, 35.80229, 35.80229, 35.80229, 35.80229, 
    35.80229, 35.80229, 35.80229, 35.80229, 35.80229, 35.80229, 35.80229, 
    35.80229, 35.80229, 35.80229, 35.80229, 35.80229, 35.80229, 35.80229, 
    35.80229, 35.80229, 35.80229, 35.80229, 35.80229, 35.80229, 35.80229, 
    35.80229,
  35.94313, 35.94313, 35.94313, 35.94313, 35.94313, 35.94313, 35.94313, 
    35.94313, 35.94313, 35.94313, 35.94313, 35.94313, 35.94313, 35.94313, 
    35.94313, 35.94313, 35.94313, 35.94313, 35.94313, 35.94313, 35.94313, 
    35.94313, 35.94313, 35.94313, 35.94313, 35.94313, 35.94313, 35.94313, 
    35.94313, 35.94313, 35.94313, 35.94313, 35.94313, 35.94313, 35.94313, 
    35.94313,
  35.99974, 35.99974, 35.99974, 35.99974, 35.99974, 35.99974, 35.99974, 
    35.99974, 35.99974, 35.99974, 35.99974, 35.99974, 35.99974, 35.99974, 
    35.99974, 35.99974, 35.99974, 35.99974, 35.99974, 35.99974, 35.99974, 
    35.99974, 35.99974, 35.99974, 35.99974, 35.99974, 35.99974, 35.99974, 
    35.99974, 35.99974, 35.99974, 35.99974, 35.99974, 35.99974, 35.99974, 
    35.99974,
  35.95147, 35.95147, 35.95147, 35.95147, 35.95147, 35.95147, 35.95147, 
    35.95147, 35.95147, 35.95147, 35.95147, 35.95147, 35.95147, 35.95147, 
    35.95147, 35.95147, 35.95147, 35.95147, 35.95147, 35.95147, 35.95147, 
    35.95147, 35.95147, 35.95147, 35.95147, 35.95147, 35.95147, 35.95147, 
    35.95147, 35.95147, 35.95147, 35.95147, 35.95147, 35.95147, 35.95147, 
    35.95147,
  35.7809, 35.7809, 35.7809, 35.7809, 35.7809, 35.7809, 35.7809, 35.7809, 
    35.7809, 35.7809, 35.7809, 35.7809, 35.7809, 35.7809, 35.7809, 35.7809, 
    35.7809, 35.7809, 35.7809, 35.7809, 35.7809, 35.7809, 35.7809, 35.7809, 
    35.7809, 35.7809, 35.7809, 35.7809, 35.7809, 35.7809, 35.7809, 35.7809, 
    35.7809, 35.7809, 35.7809, 35.7809,
  35.47735, 35.47735, 35.47735, 35.47735, 35.47735, 35.47735, 35.47735, 
    35.47735, 35.47735, 35.47735, 35.47735, 35.47735, 35.47735, 35.47735, 
    35.47735, 35.47735, 35.47735, 35.47735, 35.47735, 35.47735, 35.47735, 
    35.47735, 35.47735, 35.47735, 35.47735, 35.47735, 35.47735, 35.47735, 
    35.47735, 35.47735, 35.47735, 35.47735, 35.47735, 35.47735, 35.47735, 
    35.47735,
  35.04385, 35.04385, 35.04385, 35.04385, 35.04385, 35.04385, 35.04385, 
    35.04385, 35.04385, 35.04385, 35.04385, 35.04385, 35.04385, 35.04385, 
    35.04385, 35.04385, 35.04385, 35.04385, 35.04385, 35.04385, 35.04385, 
    35.04385, 35.04385, 35.04385, 35.04385, 35.04385, 35.04385, 35.04385, 
    35.04385, 35.04385, 35.04385, 35.04385, 35.04385, 35.04385, 35.04385, 
    35.04385,
  34.51525, 34.51525, 34.51525, 34.51525, 34.51525, 34.51525, 34.51525, 
    34.51525, 34.51525, 34.51525, 34.51525, 34.51525, 34.51525, 34.51525, 
    34.51525, 34.51525, 34.51525, 34.51525, 34.51525, 34.51525, 34.51525, 
    34.51525, 34.51525, 34.51525, 34.51525, 34.51525, 34.51525, 34.51525, 
    34.51525, 34.51525, 34.51525, 34.51525, 34.51525, 34.51525, 34.51525, 
    34.51525,
  34.03832, 34.03832, 34.03832, 34.03832, 34.03832, 34.03832, 34.03832, 
    34.03832, 34.03832, 34.03832, 34.03832, 34.03832, 34.03832, 34.03832, 
    34.03832, 34.03832, 34.03832, 34.03832, 34.03832, 34.03832, 34.03832, 
    34.03832, 34.03832, 34.03832, 34.03832, 34.03832, 34.03832, 34.03832, 
    34.03832, 34.03832, 34.03832, 34.03832, 34.03832, 34.03832, 34.03832, 
    34.03832 ;

 heatflux =
  0, 0, 0, 0, 0, 0, 0, 0, 0, 0, 0, 0, 0, 0, 0, 0, 0, 0, 0, 0, 0, 0, 0, 0, 0, 
    0, 0, 0, 0, 0, 0, 0, 0, 0, 0, 0,
  0, -2.55296, -16.55167, -18.92078, -50.40385, -50.23406, -48.43149, 
    -47.88686, -45.52199, -18.94841, -14.6188, -13.56396, -12.47131, 
    -12.25811, -17.57572, -22.59197, -30.03571, -39.56216, -53.23241, 
    -21.2138, -8.364245, -5.162465, -3.773338, -3.411053, -4.580769, 
    -5.778297, -7.08817, -7.538098, -8.45892, -6.580818, -4.961745, -7.62705, 
    -10.88953, -8.666068, -19.25251, 0,
  -28.77272, -9.603264, -55.00879, -40.23201, -44.12544, -51.48618, 
    -50.58227, -46.84651, -44.799, -42.0327, -41.75377, -40.98476, -44.45302, 
    -44.49421, -48.64394, -54.69944, -62.35434, -76.31684, -99.42685, 
    -84.3344, -59.15771, -21.01987, -8.29622, -6.962801, -7.605656, -13.9155, 
    -17.17784, -20.1275, -32.38565, -20.57776, -15.37768, -16.38213, 
    -24.00091, -65.67352, -64.44158, -58.98203,
  -22.22553, -16.74491, -15.53289, -5.559794, -32.59276, -62.00728, 
    -63.54717, -46.07252, -28.28718, -20.29761, -21.13613, -20.99996, 
    -22.52199, -25.09447, -30.6528, -30.22156, -38.68115, -62.62541, 
    -65.39651, -41.16185, -64.13596, -27.90493, -14.28039, -15.54606, 
    -17.81359, -35.89598, -43.82561, -43.67694, -47.63937, -27.53627, 
    -15.95941, -12.8573, -43.31786, -26.95493, -24.94698, -25.77339,
  -2.119445, -4.713011, -1.655493, -13.16401, -39.64926, -76.62942, 
    -79.84377, -49.19427, -25.75357, -17.2443, -17.53828, -17.9218, 
    -18.39314, -21.34801, -24.89658, -22.66637, -32.97423, -51.20289, 
    -57.2759, 0, 23.53416, 28.14852, 31.3861, 23.63869, 15.24499, 0.9382146, 
    -13.33175, -4.99193, -2.828411, 7.960095, 15.75483, 31.37033, -24.51203, 
    -9.628581, -4.864344, -0.3049304,
  4.487114, 4.492643, 5.402454, -13.00811, -22.31904, -83.42109, -46.14267, 
    -11.76867, -27.02897, -21.69526, -24.51051, -23.26403, -18.65347, 
    -17.6498, -17.92796, -14.01185, -17.02529, -29.13211, -38.38448, 0, 
    42.16084, 37.726, 41.31594, 34.39702, 20.53825, 4.34685, -4.287221, 
    -0.708285, -6.971489, -23.14946, -8.749767, 33.76814, -21.52833, 
    -9.382249, 1.554515, 13.15136,
  11.82889, 3.544172, -1.559085, -6.573985, 29.72225, -70.71224, -62.3349, 
    -35.24327, -33.1109, -37.52021, -33.89418, -24.7899, -17.86723, -15.8561, 
    -16.16804, -7.453454, -5.008315, -10.3497, -19.77864, 0, 30.09196, 
    11.23862, 19.81963, 19.34976, 10.55435, 3.829296, -1.995888, 1.327011, 
    -25.595, -90.103, -63.42633, -33.56243, -57.74529, -37.18927, -2.438774, 
    16.83146,
  17.48811, -18.64071, -20.47352, 17.92235, 0, -41.13829, -48.64731, 
    -25.0838, -19.59327, -15.37311, -16.82504, -6.155675, -8.541891, 
    -16.02785, -14.10566, 2.556312, 4.499403, -4.535059, 5.216973, 0, 
    76.76506, -17.76924, -24.89529, -10.02024, -9.695735, 1.933862, 7.120865, 
    3.195523, 29.73693, -42.37696, -43.52309, -55.2764, -56.31418, -18.47628, 
    15.93664, 27.53285,
  10.92667, 7.651771, 23.5832, 0, 0, -25.47299, -14.32915, -14.75489, 
    -7.215395, -9.943583, -5.799662, 26.75327, 43.00858, 43.94167, 29.87567, 
    22.2634, 18.74143, -7.7624, 68.9237, 0, 0, 36.90131, 1.539085, -3.408988, 
    1.498793, 14.45998, -0.1943302, 89.64639, 0, -2.955418, -20.74846, 
    -3.816203, 21.29756, 23.72755, 40.21159, 36.95793,
  -6.558337, 0.9332606, 0, 0, 0, -23.60284, -27.55232, -18.4192, -12.75441, 
    -6.976942, -3.448054, -2.710588, -4.704291, -8.247767, -3.475384, 
    12.00075, 9.869348, -0.894818, 33.70373, 0, 0, 15.92722, -6.813252, 
    23.86551, 41.97519, 14.51121, -7.179469, 31.66399, 0, -18.62834, 
    -40.40967, -36.15983, -18.62402, 13.61161, 31.16913, 31.19442,
  -8.554074, -7.544305, 0, 0, 0, -16.38598, -34.03279, -23.13787, -9.57149, 
    -3.254382, -5.863543, -1.566419, -1.637515, -1.659393, 0.9128411, 
    0.8215294, 6.801188, 3.319412, 33.02708, 0, 0, 64.35983, -10.30628, 
    -2.434767, 0.3094279, 9.199449, 6.078401, 66.64349, 0, -7.634662, 
    -19.41454, -27.02866, -20.24717, -7.219868, 6.80246, 9.211854,
  -7.048458, 7.410454, 0, 0, 0, -32.93303, -31.69662, -24.294, -12.68116, 
    -3.708782, -4.693575, -2.164885, 2.234751, 1.685126, 3.879717, 5.709347, 
    5.698428, -0.9260044, 13.7222, 0, 0, 0, 0.492967, 8.389483, 10.5588, 
    12.71172, 28.79157, 0, 0, 32.94941, 14.53303, -18.69164, -22.02116, 
    -25.33176, -19.29977, -8.004634,
  -13.1921, -0.3613523, 0, 0, -12.97187, -31.46783, -29.60664, -14.90383, 
    -3.745881, 0.5012197, 2.85986, 3.098688, 8.516152, 6.981069, 0.5460479, 
    -0.6923742, -1.99636, -10.60457, 19.79245, 0, 0, 0, 21.11295, 12.66154, 
    14.21239, 7.646848, 15.06954, 0, 0, 0, 35.21967, -7.498248, -16.59892, 
    -30.83689, -39.21184, -29.27388,
  -14.79983, 14.59621, 0, 0, -24.85628, -23.71166, -20.40659, -7.481844, 
    5.795898, 0.9792007, 13.19637, 13.15271, 12.59595, 7.482833, -1.092732, 
    -8.94295, -12.3476, -17.83637, 0, 0, 0, 0, 23.84199, 11.31318, 4.427173, 
    -9.156892, -5.560052, 0, 0, 0, 21.97379, 6.098579, 2.485382, -15.96173, 
    -33.75875, -38.12687,
  -4.028024, 28.72959, 0, 0, -24.56396, -6.247591, 3.285289, 19.16269, 
    29.65222, 13.13479, 19.58078, 21.94547, 19.4162, 15.40839, 7.260454, 
    -5.739267, -17.30643, -27.27232, 0, 0, 0, 0, 35.1932, 12.46205, 1.927975, 
    -12.32492, -7.424197, 0, 0, 0, -5.614555, 12.11606, 20.57768, 7.12375, 
    -2.968467, -17.09761,
  45.59018, 0, -6.018363, -1.216107, -1.465887, 27.50982, 44.59824, 47.91309, 
    44.07962, 24.51747, 22.13001, 31.99501, 36.04124, 40.73937, 33.98365, 
    21.66521, -2.128804, 3.231421, 0, 0, 0, 0, 50.81743, 24.92793, 23.24438, 
    8.160094, 5.877422, 0, 0, 0, -0.9296182, 25.63682, 38.92464, 39.0217, 
    36.56057, 23.23574,
  94.799, 0, 14.58578, 53.7668, 42.70118, 93.50471, 93.67838, 69.03867, 
    46.69812, 33.0562, 29.34715, 47.75342, 49.66983, 52.08261, 48.22398, 
    42.8597, 28.60361, 61.17596, 0, 0, 0, 0, 70.48575, 40.71069, 41.74534, 
    26.72404, 23.12327, 0, 0, 0, 27.16336, 49.08583, 73.59234, 78.7702, 
    89.09888, 82.21041,
  0, 0, 53.47124, 72.21557, 75.58327, 117.1591, 91.87576, 59.67436, 42.09802, 
    39.89012, 34.95346, 47.54929, 44.15042, 42.36454, 44.5066, 46.92851, 
    39.40011, 86.25655, 0, 0, 0, 48.05472, 39.9695, 34.48533, 32.71309, 
    17.9793, 68.17671, 0, 0, 0, 50.49075, 81.02666, 97.7085, 59.85901, 
    46.2433, 54.07203,
  0, 0, 67.1818, 36.1303, 114.8622, 90.81377, 68.38403, 56.81271, 49.24734, 
    46.61459, 42.53321, 47.35815, 49.01764, 45.82622, 45.78596, 38.31408, 
    27.49121, 47.39148, 0, 0, 0, 61.61583, 53.43418, 38.8423, 22.27072, 
    25.71868, 78.23296, 0, 0, 0, 43.55037, 81.29099, 62.90325, 26.28516, 
    10.84444, 55.4084,
  0, 67.93842, 106.3514, 53.51878, 55.98407, 54.08585, 50.08159, 52.80135, 
    53.397, 54.87062, 51.70321, 52.14195, 57.18821, 45.5607, 33.60834, 
    28.6382, 33.17669, 63.8294, 0, 0, 27.93763, 54.61172, 54.32642, 54.37979, 
    45.93988, 57.45546, 67.56908, 0, 0, 0, 0.6248767, 33.37851, 30.29047, 
    5.477725, 2.386699, 62.92676,
  0, 34.44275, 57.88576, 28.90705, 17.43178, 15.89858, 20.127, 20.5676, 
    20.50095, 23.56497, 27.08624, 34.53892, 39.53727, 42.11676, 39.67682, 
    44.63676, 78.19178, 71.53042, 0, 0, 66.11029, 27.01031, 19.99659, 
    44.84558, 135.4008, 0, 0, 0, 0, 0, 0, 32.4313, 9.506175, 21.69609, 
    23.28892, 53.74728,
  0, 43.35904, 16.56676, 4.91881, 6.156606, 3.432721, 9.837687, 2.391614, 
    0.6575155, -5.446472, -4.211328, 0.9393056, -5.755951, 9.434421, 
    16.38913, 1.604723, -7.211876, -6.692811, 0, 89.36215, 18.99121, 
    -0.2268575, -8.001866, -5.128109, 100.6738, 0, 0, 0, 0, 0, 0, 31.47471, 
    2.410378, 11.57276, 19.77342, 76.8285,
  0, 51.85182, 1.307044, -7.814925, -1.176613, 0.05766487, -0.03669866, 
    -2.21254, -3.310118, -11.23252, -15.37423, -21.08398, -24.56175, 
    -17.03189, -14.63266, 1.580931, 70.26286, 0, 39.79598, 14.50113, 
    -1.594623, -14.41824, -17.35576, -22.21215, 52.37428, 0, 0, 0, 0, 0, 0, 
    33.59319, 0.6809451, 1.467152, 10.98854, 10.235,
  0, -3.936095, -25.79529, -21.93884, -7.768013, 3.166675, 4.033656, 
    -2.12756, -4.300264, -2.796744, -7.596929, -17.4577, -19.18963, 
    -13.78236, -23.86357, 33.21933, 0, 47.47821, 12.22517, -0.3703588, 
    -12.75925, -9.538383, -9.417053, -23.40308, 11.34003, 0, 0, 0, 0, 0, 0, 
    28.33116, -5.437405, 0, 3.307348, 6.338072,
  0, -23.99561, -45.25351, -31.00704, -10.87555, 4.748355, 6.962397, 
    5.130062, 2.519702, 3.405787, -2.329762, -7.403015, -3.79298, 2.312809, 
    2.157783, 0, 17.86017, -3.409399, -4.542501, -15.45835, -9.034328, 
    1.438225, 2.03136, -20.34798, -18.86489, 0, 0, 0, 0, 0, 0, -4.433447, 
    2.995706, 0, 0, 0,
  0, 0, -26.73149, -27.1421, -11.54128, -0.7279237, -4.059293, 6.533554, 
    6.51623, 2.642963, -2.82944, 0.5776482, 11.64509, 13.75774, 3.137983, 0, 
    -0.5390244, -12.65208, -16.79368, -14.98882, -7.510155, -2.977549, 
    0.6322333, -10.07065, -14.3448, 0, 0, 0, 0, 0, 0, 9.479552, 51.25798, 0, 
    0, 0,
  0, 0, -16.91605, 24.15468, 12.91831, 10.41685, 43.62598, 31.7754, 31.4837, 
    29.53832, 11.01069, 0.2123623, 12.54843, 18.14326, 20.82242, 0, 2.69369, 
    6.03176, 35.72174, 12.55523, 5.555342, 1.552137, -3.694176, 0.1406472, 
    -6.9892, 0, 0, 0, 0, 0, 0, 0, 0, 0, 0, 0,
  0, 0, -35.25212, -62.39361, -84.79975, -73.36286, -43.18532, -4.911959, 
    15.67776, 21.77962, 39.74484, 42.24374, 2.1689, 9.124177, -11.75483, 0, 
    0, 0, -7.141548, -50.45124, -28.82821, 20.81577, 10.43246, 2.438635, 
    -3.398564, 0, 0, 19.7694, 9.129838, 0, 0, 0, 0, 0, 0, 0,
  0, 0, 0, -24.07517, -62.13235, -72.61721, -61.63362, -43.2963, -22.20009, 
    -6.275588, 2.954332, 13.21069, -2.897835, 27.3509, 0, 0, 0, 0, -43.7191, 
    -85.5032, -75.67665, -40.65036, -17.59638, 0.4517975, 3.34748, 20.88371, 
    13.42174, -7.786972, -20.2318, 0.1130384, 0, 0, 0, 0, 0, 0,
  0, 0, 0, -57.74171, -71.39943, -50.64317, -42.76865, -38.79181, -28.81881, 
    -18.46237, -7.727894, 1.31617, -4.37973, 14.23787, 0, 0, 0, 0, -24.86321, 
    -50.58897, -51.63401, -50.93402, -47.027, -13.83874, -16.98101, 0, 
    -18.91209, -13.60107, 0, 0, 0, 0, 0, 0, 0, 0,
  0, 0, 0, -60.82219, -74.22906, -43.79576, -20.03256, -15.8424, -19.14667, 
    -18.0149, -16.63531, -12.73308, -11.22493, -10.95082, 0, 0, 0, 0, 0, 
    -28.5554, -23.83092, -41.56801, -62.48931, -39.26649, -26.40753, 
    5.084783, 0, 0, 0, 0, 0, 0, 0, 0, 0, 0,
  0, 0, 0, 0, -23.56292, -31.04363, -12.96614, -1.315038, -6.513885, 
    -13.56028, -19.8007, -24.94194, -23.65238, -26.22207, 0, 0, 0, 0, 0, 0, 
    -19.71681, -10.47369, -67.92484, -61.38342, -64.45615, -49.47755, 0, 0, 
    0, 0, 0, 0, 0, 0, 0, 0,
  0, 0, 0, 0, -25.80878, -8.45089, 12.55198, 8.817378, -5.455466, -21.57349, 
    -30.23899, -43.97017, -22.74133, 0, 0, 0, 0, 0, 0, 0, -90.47099, 
    -49.66455, -61.84398, -97.39895, -105.574, 0, 0, 0, 0, 0, 0, 0, 0, 0, 0, 0,
  0, 0, 0, 0, 0, 0, -14.11711, -30.46544, -32.79004, -6.025665, -19.04371, 
    -24.57221, 0, 0, 0, 0, 0, 0, 0, 0, -85.28506, -121.6758, -147.44, 
    -161.942, -147.7217, -16.8877, 0, 0, 0, 0, 0, 0, 0, 0, 0, 0,
  0, 0, 0, 0, 0, 0, 0, 0, 0, -4.146636, 0, 0, 0, 0, 0, 0, 0, 0, 0, -2.15682, 
    -5.684135, 0, 0, -3.80637, -15.53332, -8.956756, -6.506563, -0.3024241, 
    0, 0, 0, 0, 0, 0, 0, 0,
  -0.4129841, -0.492742, -0.3162687, -0.3098212, -0.3913498, -0.4378984, 
    -0.3244461, -0.239947, -0.2731787, -1.062714, -0.2198719, -0.1627319, 
    -0.1565776, -0.1465131, -0.1149037, -0.1294733, -0.109538, -0.05899821, 
    -0.1071291, -1.329201, 0, 0, 0, 0, -0.1513509, -0.4387122, -0.8173853, 
    -1.731452, -1.690498, -1.000085, -1.652862, -0.721234, -0.3648331, 
    -0.3305338, -0.6131311, -0.6552954 ;

 freshwflux =
  0, 0, 0, 0, 0, 0, 0, 0, 0, 0, 0, 0, 0, 0, 0, 0, 0, 0, 0, 0, 0, 0, 0, 0, 0, 
    0, 0, 0, 0, 0, 0, 0, 0, 0, 0, 0,
  0, -9.431437e-10, 1.520476e-08, -5.104411e-09, 2.902334e-09, 1.004519e-08, 
    1.024825e-08, 9.987762e-09, 1.063927e-08, 1.017249e-08, 8.286559e-09, 
    7.46079e-09, 6.413782e-09, 5.347442e-09, 6.812792e-09, 7.782142e-09, 
    9.016499e-09, 9.208665e-09, 2.559871e-09, 3.215365e-09, -8.880126e-10, 
    -4.574189e-09, -5.12008e-09, -5.207104e-09, -4.750139e-09, -3.899737e-09, 
    -2.683427e-09, -2.340287e-09, -2.61311e-10, -1.007946e-09, -1.710625e-09, 
    -1.597648e-09, 1.452444e-09, 6.078598e-10, 3.580787e-09, 0,
  2.052261e-08, 3.000542e-08, 1.408947e-08, 1.557149e-08, 1.286835e-08, 
    1.374322e-08, 1.275526e-08, 1.297884e-08, 1.289566e-08, 1.372001e-08, 
    1.194201e-08, 1.177304e-08, 9.49497e-09, 8.936817e-09, 7.908751e-09, 
    7.160033e-09, 6.657944e-09, 7.198069e-09, 6.846727e-09, 1.604641e-08, 
    1.591406e-08, 2.023628e-08, 1.887395e-08, 1.666354e-08, 1.074952e-08, 
    8.357246e-09, 1.014792e-08, 1.148054e-08, 1.176659e-08, 1.442731e-08, 
    1.624175e-08, 1.314475e-08, 1.447127e-08, 1.018444e-08, 2.136942e-09, 
    1.580782e-08,
  8.120909e-09, 1.04518e-08, 7.857659e-09, 1.043013e-08, 6.524962e-09, 
    1.608699e-09, 3.209417e-09, 2.88383e-09, 5.982656e-09, 4.122646e-09, 
    4.632843e-09, 6.410684e-09, 5.197529e-09, 5.670384e-09, 4.894039e-09, 
    5.124366e-09, 5.422958e-09, 4.146128e-09, 6.836937e-09, 7.621186e-09, 
    1.384454e-09, 8.425563e-09, 1.183006e-08, 1.121643e-08, 9.477096e-09, 
    6.423247e-09, 5.059274e-09, 5.8408e-09, 3.431205e-09, 7.773077e-09, 
    1.253607e-08, 9.764335e-09, 4.189605e-09, 6.569329e-09, 8.035781e-09, 
    5.208635e-09,
  3.962219e-09, 2.642794e-09, 4.086501e-09, 2.634472e-09, -2.814584e-09, 
    -7.958756e-09, -6.961607e-09, -2.224215e-09, -7.08661e-10, 8.168022e-10, 
    1.647154e-09, 3.482119e-09, 2.473172e-09, 3.083666e-09, 7.581424e-10, 
    1.75595e-09, 7.881208e-10, -1.661511e-09, 1.118323e-08, 0, 4.073006e-09, 
    4.804325e-09, 5.454865e-09, 4.814214e-09, 5.30442e-09, 4.142087e-09, 
    1.086402e-09, 1.35722e-09, 1.435803e-09, 3.967704e-09, 6.334314e-09, 
    6.340378e-09, -3.422196e-09, 7.365571e-10, 2.797059e-09, 4.190557e-09,
  -2.377144e-09, -3.587331e-09, -1.049861e-09, -5.956058e-09, -9.7084e-09, 
    -1.424181e-08, -4.164015e-09, 4.238221e-09, -2.096717e-10, -1.759695e-09, 
    -2.620327e-09, -1.572563e-09, -1.183212e-09, 9.840898e-11, -1.052734e-09, 
    3.489934e-11, -9.512401e-10, -4.206933e-09, -2.38328e-09, 0, 
    2.645037e-09, 2.615661e-09, 2.844158e-09, 3.930221e-09, 4.01457e-09, 
    1.505037e-09, -1.501284e-09, -6.273408e-09, -5.08602e-09, -8.851758e-10, 
    5.142208e-10, 3.83102e-09, -6.284717e-09, -1.801648e-09, 8.600248e-10, 
    1.137538e-09,
  -1.084303e-08, -1.482258e-08, -7.911798e-09, -1.38802e-08, -6.437329e-09, 
    -1.46416e-08, -1.040002e-08, -8.899904e-09, -1.255768e-09, -6.662621e-09, 
    -8.286023e-09, -5.619178e-09, -4.051637e-09, -2.972875e-09, 
    -3.058043e-09, -1.733528e-09, -2.958165e-09, -7.436546e-09, 
    -1.358754e-08, 0, -2.745878e-09, -3.74401e-09, -5.157794e-10, 
    9.711035e-10, 9.769549e-10, -1.069219e-09, -6.394537e-09, -1.515403e-08, 
    -9.445684e-09, -8.396897e-09, -9.293449e-09, -4.867193e-09, 
    -1.336431e-08, -1.010906e-08, -4.95741e-09, -5.489333e-09,
  -1.788012e-08, -2.921125e-08, -1.687056e-08, -1.446168e-08, 0, 
    -8.812296e-09, -8.852783e-09, -1.278149e-08, -6.627616e-09, 
    -3.805495e-09, -8.553145e-09, -4.768173e-09, -5.076819e-09, 
    -6.480975e-09, -5.077628e-09, -2.975284e-09, -4.509268e-09, 
    -1.142534e-08, -1.563441e-08, 0, 2.853236e-10, -9.235372e-09, 
    -4.45387e-09, -5.173007e-09, -5.611869e-09, -4.847217e-09, -1.025448e-08, 
    -2.276624e-08, -2.845611e-09, -1.725253e-09, -8.727558e-09, 
    -1.083328e-08, -1.930816e-08, -1.429214e-08, -8.836036e-09, -1.170857e-08,
  -2.617824e-08, -2.603146e-08, -9.706326e-09, 0, 0, -8.463235e-09, 
    -5.259761e-09, -1.463731e-08, -1.14655e-08, -1.008408e-08, -1.183493e-08, 
    2.191094e-10, 5.89834e-09, 7.094579e-09, 4.062233e-09, -8.607999e-10, 
    -4.595186e-09, -1.947871e-08, -9.545812e-09, 0, 0, 1.354393e-08, 
    1.14669e-08, -7.473583e-10, -1.84962e-09, -3.276555e-09, -1.657272e-08, 
    9.15101e-09, 0, 2.952645e-09, -9.290511e-09, -3.778409e-09, 
    -5.164026e-09, -1.06968e-08, -1.055674e-08, -1.436796e-08,
  -3.389431e-08, -2.593941e-08, 0, 0, 0, -1.502664e-08, -1.591729e-08, 
    -1.993515e-08, -1.662466e-08, -1.57853e-08, -1.625709e-08, -9.405842e-09, 
    -7.309343e-09, -6.717559e-09, -6.36614e-09, -6.074735e-09, -1.036686e-08, 
    -2.280339e-08, -2.624083e-08, 0, 0, 3.568583e-09, 1.451336e-08, 
    3.817962e-09, 5.300773e-09, -1.003275e-08, -2.639762e-08, -2.178125e-08, 
    0, -8.348972e-09, -1.427729e-08, -1.434526e-08, -1.786989e-08, 
    -1.78607e-08, -1.673193e-08, -1.955336e-08,
  -3.631742e-08, -3.091273e-08, 0, 0, 0, -1.209352e-08, -2.12518e-08, 
    -2.458583e-08, -1.5784e-08, -1.274798e-08, -1.877892e-08, -7.662311e-09, 
    -5.378236e-09, -6.619833e-09, -8.179552e-09, -1.302998e-08, 
    -1.568184e-08, -2.648355e-08, -3.156305e-08, 0, 0, 9.471048e-09, 
    8.092422e-09, -7.408042e-09, -1.116098e-08, -1.721823e-08, -2.877188e-08, 
    -1.945438e-08, 0, -1.236821e-08, -7.548637e-09, -1.011671e-08, 
    -1.622764e-08, -2.36397e-08, -2.308019e-08, -2.662546e-08,
  -3.318391e-08, -3.477224e-08, 0, 0, 0, 2.196462e-08, -1.827015e-08, 
    -2.356157e-08, -1.401696e-08, -6.230869e-09, -1.209967e-08, 
    -3.030786e-09, -3.176494e-09, -1.014188e-08, -1.124399e-08, 
    -1.626222e-08, -2.130419e-08, -3.255155e-08, -4.135774e-08, 0, 0, 0, 
    1.830422e-08, -8.039302e-09, -1.542251e-08, -2.096075e-08, -2.575207e-08, 
    0, 0, -1.152548e-08, -1.928824e-09, -7.163983e-09, -1.435771e-08, 
    -2.365727e-08, -2.717993e-08, -2.834575e-08,
  -2.583796e-08, -3.293635e-08, 0, 0, 6.96159e-09, 1.20618e-08, 
    -6.580608e-09, -6.383942e-09, 1.880831e-09, 9.49506e-09, 5.840258e-09, 
    -6.570762e-10, 4.619245e-09, -5.380743e-09, -1.340597e-08, -1.859736e-08, 
    -2.415711e-08, -3.53371e-08, -3.581805e-08, 0, 0, 0, -2.894229e-09, 
    -1.755027e-08, -2.984457e-08, -3.451301e-08, -3.501041e-08, 0, 0, 0, 
    9.46209e-09, -8.402107e-09, -6.990248e-09, -1.470687e-08, -2.08543e-08, 
    -2.35089e-08,
  -1.326666e-08, -2.02424e-08, 0, 0, 1.024414e-09, 1.750597e-08, 6.21196e-09, 
    9.372008e-09, 2.200216e-08, 1.657163e-08, 1.988463e-08, 2.071424e-09, 
    4.034481e-09, -7.063075e-09, -1.536292e-08, -2.369797e-08, -3.059823e-08, 
    -3.921822e-08, 0, 0, 0, 0, 4.016387e-09, -1.691885e-08, -3.590008e-08, 
    -4.154368e-08, -4.830231e-08, 0, 0, 0, 9.552257e-09, -4.0062e-10, 
    6.809096e-09, 3.372692e-10, -4.631421e-09, -9.751192e-09,
  -1.321921e-09, -2.139084e-08, 0, 0, -4.853922e-09, 1.02055e-08, 
    1.456155e-08, 2.555927e-08, 3.608677e-08, 2.193791e-08, 2.231283e-08, 
    8.375737e-09, 1.630974e-09, -3.565623e-09, -1.194894e-08, -2.023059e-08, 
    -2.875141e-08, -3.7663e-08, 0, 0, 0, 0, 2.29673e-08, -8.580922e-09, 
    -3.551209e-08, -4.154746e-08, -4.987293e-08, 0, 0, 0, 8.705805e-10, 
    5.402692e-09, 1.986697e-08, 1.530696e-08, 1.51453e-08, 6.559653e-09,
  2.98419e-08, 0, -3.223963e-08, -1.248256e-08, 6.874208e-09, 1.715366e-08, 
    2.049645e-08, 3.340054e-08, 3.085701e-08, 2.420598e-08, 1.713079e-08, 
    9.977359e-09, 4.515196e-09, 5.717043e-09, -1.597748e-09, -8.652535e-09, 
    -1.793433e-08, -2.447515e-08, 0, 0, 0, 0, 4.459401e-08, 7.108973e-09, 
    -2.408937e-08, -3.27328e-08, -4.527753e-08, 0, 0, 0, 4.132972e-09, 
    1.34786e-08, 2.251819e-08, 2.101734e-08, 2.486531e-08, 1.994407e-08,
  1.67669e-08, 0, 3.279749e-09, 5.973806e-09, 1.219798e-08, 4.128191e-08, 
    3.206459e-08, 3.279611e-08, 2.29037e-08, 2.078054e-08, 1.050495e-08, 
    1.263258e-08, 9.274729e-09, 8.901684e-09, 4.184014e-09, 2.268578e-09, 
    -3.094637e-09, -6.020993e-09, 0, 0, 0, 0, 7.856868e-08, 1.419816e-08, 
    -1.073011e-08, -2.264139e-08, -3.469008e-08, 0, 0, 0, 9.510544e-09, 
    1.519082e-08, 2.579743e-08, 2.415108e-08, 2.831897e-08, 3.068516e-08,
  0, 0, 2.480096e-08, 1.189601e-08, 1.161392e-08, 4.781876e-08, 3.257902e-08, 
    2.542845e-08, 1.685213e-08, 1.469136e-08, 6.47128e-09, 8.889918e-09, 
    6.899169e-09, 2.595609e-09, 2.516855e-09, 4.195851e-09, -1.092886e-09, 
    1.364154e-09, 0, 0, 0, 4.915889e-08, 4.204312e-08, 9.693307e-09, 
    -6.007173e-09, -1.450891e-08, -1.507187e-08, 0, 0, 0, 2.483127e-08, 
    1.972207e-08, 2.698369e-08, 1.358654e-08, 9.076652e-09, 3.943991e-08,
  0, 0, 5.900796e-08, 5.624103e-10, 3.31955e-08, 3.961172e-08, 2.760773e-08, 
    2.498047e-08, 1.839916e-08, 1.317155e-08, 9.825101e-09, 1.120958e-08, 
    1.119515e-08, 7.722272e-09, 4.944313e-09, 4.559424e-09, 1.891283e-09, 
    2.220416e-10, 0, 0, 0, 9.938685e-08, 4.31691e-08, 1.411273e-08, 
    -1.637003e-09, 5.829081e-09, -3.939177e-09, 0, 0, 0, 2.331421e-08, 
    1.04666e-08, 1.653235e-08, 1.92352e-09, -7.278857e-09, 9.151876e-09,
  0, 1.081104e-08, 4.036413e-08, 1.282546e-08, 2.372315e-08, 3.241413e-08, 
    2.613175e-08, 2.389959e-08, 2.011335e-08, 1.482736e-08, 1.71199e-08, 
    1.712886e-08, 2.027492e-08, 1.737681e-08, 1.14686e-08, 1.24956e-08, 
    2.115153e-08, 2.203143e-08, 0, 0, 4.113863e-08, 4.258986e-08, 
    2.607984e-08, 1.660868e-08, 8.781066e-09, 1.978345e-08, 7.892396e-09, 0, 
    0, 0, -7.532164e-10, -1.630447e-08, 3.385834e-09, -6.143897e-09, 
    -9.621086e-09, 2.679227e-08,
  0, 2.983347e-08, 3.264895e-08, 1.681122e-08, 1.939144e-08, 1.95345e-08, 
    2.279615e-08, 1.103358e-08, 8.187089e-09, 4.196989e-09, 1.026088e-08, 
    1.246445e-08, 1.90543e-08, 2.433393e-08, 2.132787e-08, 2.33973e-08, 
    4.214471e-08, 3.208483e-08, 0, 0, 9.042338e-08, 1.022901e-08, 
    2.865296e-10, 3.835149e-09, 1.038695e-07, 0, 0, 0, 0, 0, 0, 2.327264e-08, 
    -1.149141e-08, -5.685109e-09, 5.975993e-09, 1.11149e-08,
  0, 2.669947e-08, 1.787323e-08, 1.614895e-08, 1.888538e-08, 9.097973e-09, 
    1.393359e-08, 3.933173e-09, -3.358199e-09, -8.157649e-09, -4.422639e-09, 
    -4.377751e-09, 3.172743e-09, 1.265786e-08, 1.411108e-08, 2.328046e-09, 
    7.01474e-09, 4.965566e-09, 0, 6.250378e-08, 2.267403e-09, -1.439005e-08, 
    -2.086654e-08, -2.183429e-08, 4.301538e-08, 0, 0, 0, 0, 0, 0, 
    1.742881e-08, -2.568648e-08, -1.850575e-08, 1.087563e-08, 3.16402e-08,
  0, 4.523035e-08, 1.336988e-08, 1.147694e-08, 1.08901e-08, -2.423504e-10, 
    -2.96241e-09, -8.772669e-09, -1.013829e-08, -1.315905e-08, -1.77206e-08, 
    -1.624965e-08, -1.119304e-08, -7.087429e-09, -6.872162e-09, 
    -1.727275e-08, 5.88923e-09, 0, 5.168843e-08, -1.831297e-08, 
    -1.875345e-08, -2.684287e-08, -3.213495e-08, -3.491487e-08, 5.398374e-09, 
    0, 0, 0, 0, 0, 0, 2.003817e-08, -3.131573e-08, -1.3879e-09, 6.901207e-09, 
    -1.052093e-08,
  0, 9.685682e-09, 1.3808e-08, 3.193618e-09, 4.311748e-10, -3.861375e-09, 
    -1.031829e-08, -1.43446e-08, -1.444794e-08, -1.163164e-08, -2.066134e-08, 
    -1.67881e-08, -1.960941e-08, -2.121348e-08, -2.76326e-08, -2.335868e-08, 
    0, 2.236991e-08, -1.501066e-09, -1.69861e-08, -2.27871e-08, 
    -2.711201e-08, -3.134114e-08, -4.057462e-08, -2.869478e-08, 0, 0, 0, 0, 
    0, 0, 3.967323e-08, -3.349789e-08, 0, 4.87026e-08, 7.231666e-09,
  0, -2.165518e-09, 1.484117e-08, -5.249571e-09, -5.331577e-09, 
    -6.397349e-09, -1.283073e-08, -1.485537e-08, -1.422952e-08, 
    -9.398101e-09, -1.2634e-08, -1.468311e-08, -2.078717e-08, -2.541947e-08, 
    -3.453318e-08, 0, -1.441579e-08, -4.064967e-09, -8.216936e-09, 
    -1.857252e-08, -2.122358e-08, -2.283748e-08, -2.809545e-08, 
    -4.050538e-08, -4.851738e-08, 0, 0, 0, 0, 0, 0, 2.462498e-08, 
    -2.815072e-08, 0, 0, 0,
  0, 0, 4.473851e-08, -9.519956e-09, -5.910022e-09, -3.229801e-09, 
    -1.016633e-08, -6.640221e-09, -1.020976e-08, -9.135976e-09, 
    -8.519549e-09, -9.088021e-09, -1.377434e-08, -2.116486e-08, 
    -3.442076e-08, 0, -3.8327e-09, -8.158993e-09, -1.874671e-08, 
    -1.326498e-08, -1.78194e-08, -2.007059e-08, -2.375261e-08, -3.262911e-08, 
    -4.453025e-08, 0, 0, 0, 0, 0, 0, -4.122725e-09, 1.489746e-08, 0, 0, 0,
  0, 0, 1.013801e-08, 5.072569e-09, 4.339626e-09, 7.673958e-09, 1.089131e-08, 
    2.994087e-09, -8.7954e-10, -1.449265e-09, -5.178092e-09, -6.891118e-09, 
    -9.758526e-09, -1.863271e-08, -2.684475e-08, 0, 3.236139e-08, 
    1.367729e-09, -1.612786e-09, -2.772252e-09, -8.37429e-09, -1.275795e-08, 
    -1.894232e-08, -2.414987e-08, -3.718527e-08, 0, 0, 0, 0, 0, 0, 0, 0, 0, 
    0, 0,
  0, 0, -8.391514e-09, -1.737496e-08, -8.648445e-09, -3.44265e-09, 
    -2.946562e-09, -1.418365e-10, 2.302125e-10, 3.103408e-10, 5.253199e-09, 
    7.131361e-09, -7.234827e-09, -1.673139e-08, -2.67566e-08, 0, 0, 0, 
    -5.729255e-09, -1.285321e-08, -1.070504e-08, -1.616994e-09, 
    -8.976254e-09, -1.841412e-08, -1.995444e-08, 0, 0, 2.091232e-08, 
    1.671023e-08, 0, 0, 0, 0, 0, 0, 0,
  0, 0, 0, 1.839346e-08, 8.029904e-10, 1.644208e-09, 2.165969e-09, 
    8.962162e-10, -3.950325e-10, 7.981121e-10, 7.336865e-10, 2.95122e-09, 
    -3.532141e-09, -4.840742e-09, 0, 0, 0, 0, -1.677448e-08, -1.459404e-08, 
    -1.249041e-08, -7.907129e-09, -8.297625e-09, -1.252842e-08, 
    -1.772484e-08, -1.991978e-08, -8.290862e-09, -1.481419e-08, 
    -2.848387e-08, -1.704959e-08, 0, 0, 0, 0, 0, 0,
  0, 0, 0, -5.427601e-09, -7.296806e-09, 6.463581e-09, 6.994329e-09, 
    7.140623e-09, 5.493621e-09, 6.326679e-09, 5.756592e-09, 5.776731e-09, 
    6.043295e-10, -2.359318e-09, 0, 0, 0, 0, 1.656622e-09, -1.414405e-08, 
    5.419589e-10, 4.219629e-10, -7.266108e-09, -8.762949e-09, -8.107919e-09, 
    0, -1.246697e-08, -1.342745e-08, 0, 0, 0, 0, 0, 0, 0, 0,
  0, 0, 0, -5.886029e-09, -4.398617e-10, 3.499897e-09, 6.812872e-09, 
    1.013596e-08, 9.010877e-09, 1.104424e-08, 8.571544e-09, 8.200549e-09, 
    4.04555e-09, 1.913989e-09, 0, 0, 0, 0, 0, 9.158487e-09, -5.136917e-09, 
    -3.409127e-09, -6.086368e-09, -6.153273e-09, -9.276711e-09, 6.09888e-09, 
    0, 0, 0, 0, 0, 0, 0, 0, 0, 0,
  0, 0, 0, 0, 2.166754e-08, 2.66846e-09, 8.702027e-09, 1.413966e-08, 
    1.403243e-08, 1.438785e-08, 1.152763e-08, 1.040408e-08, 7.872742e-09, 
    8.53462e-09, 0, 0, 0, 0, 0, 0, 1.871278e-08, -1.699513e-09, 
    -5.097515e-09, -2.176461e-09, -6.939778e-09, 1.203944e-09, 0, 0, 0, 0, 0, 
    0, 0, 0, 0, 0,
  0, 0, 0, 0, 1.966664e-08, 1.208807e-08, 1.374816e-08, 1.471914e-08, 
    1.287503e-08, 1.160275e-08, 1.158872e-08, 1.038265e-08, 2.958066e-08, 0, 
    0, 0, 0, 0, 0, 0, 9.666221e-09, -2.006249e-09, 6.89317e-10, 
    -2.569024e-09, 2.617012e-08, 0, 0, 0, 0, 0, 0, 0, 0, 0, 0, 0,
  0, 0, 0, 0, 0, 0, 5.198174e-09, 6.344711e-09, 5.17471e-09, 1.498992e-08, 
    8.798472e-09, 2.412802e-08, 0, 0, 0, 0, 0, 0, 0, 0, 4.736672e-09, 
    -3.998455e-09, -5.391362e-09, -2.047781e-09, 3.705186e-10, 2.301852e-08, 
    0, 0, 0, 0, 0, 0, 0, 0, 0, 0,
  0, 0, 0, 0, 0, 0, 0, 0, 0, 1.858419e-08, 0, 0, 0, 0, 0, 0, 0, 0, 0, 
    1.751062e-08, 4.010703e-09, 0, 0, 8.361503e-09, 2.001802e-08, 
    1.519028e-08, 1.263564e-08, -7.039341e-09, 0, 0, 0, 0, 0, 0, 0, 0,
  3.492848e-09, 1.596665e-09, 4.566421e-10, -1.795126e-10, -3.819771e-09, 
    -5.386419e-09, -6.619791e-09, -7.126363e-09, -7.42774e-09, -6.019176e-09, 
    -3.868659e-09, -2.320964e-09, -2.749929e-09, -4.015102e-09, 
    -9.047995e-10, -1.826858e-09, -3.750543e-09, -7.012681e-09, 
    -7.100363e-09, 3.040013e-12, 0, 0, 0, 0, -6.696933e-09, -9.789042e-09, 
    -8.698511e-09, -6.415814e-09, 1.370007e-08, 8.690828e-09, 1.693007e-08, 
    6.942637e-09, 4.265368e-09, 5.995281e-09, 9.176878e-09, 1.280304e-08 ;

 stressx =
  0, 0, 0, 0, 0, 0, 0, 0, 0, 0, 0, 0, 0, 0, 0, 0, 0, 0, 0, 0, 0, 0, 0, 0, 0, 
    0, 0, 0, 0, 0, 0, 0, 0, 0, 0, 0,
  -0.0001726866, -0.003832098, -0.004848194, -0.0004397156, -0.005897484, 
    0.00176123, 0.008864216, 0.01183959, 0.01929287, 0.01941245, 0.008584586, 
    0.006303681, 0.007308694, 0.01126872, 0.03865137, 0.0464473, 0.04540098, 
    0.002681393, 0.0023289, 0, 0, -0.001755246, 0.0004337812, -0.001010616, 
    -0.005489587, -0.01029048, -0.006788753, -0.00767763, -0.01410032, 
    -0.007661596, -0.001560297, -0.0009516577, -0.0004587723, -0.0004234826, 
    -0.0003914858, -0.000529044,
  0.09219509, 0.09562337, 0.08275408, 0.09616875, 0.1164974, 0.1060743, 
    0.1107961, 0.1101983, 0.1151491, 0.1153905, 0.0980437, 0.09341908, 
    0.1013486, 0.1052447, 0.1092102, 0.105913, 0.1056947, 0.1145682, 
    0.1205068, 0.08002632, 0.03920973, 0.04089809, 0.01971591, 0.02640765, 
    0.02844177, 0.02920461, 0.04300872, 0.04584721, 0.04485366, 0.05570255, 
    0.07290615, 0.08136715, 0.07628288, 0.06128563, 0.05120509, 0.04588142,
  0.147801, 0.1409982, 0.1337691, 0.1182185, 0.1308558, 0.114116, 0.1077328, 
    0.1102641, 0.1292639, 0.1178465, 0.1087204, 0.0939359, 0.1050927, 
    0.1169879, 0.1289125, 0.1341231, 0.1312864, 0.1257334, 0, 0.08576428, 
    0.08679468, 0.07996201, 0.09432437, 0.1105749, 0.1102429, 0.1288917, 
    0.1342759, 0.1666353, 0.168599, 0.1607004, 0.1776755, 0.1950569, 
    0.1868799, 0.1600747, 0.1839965, 0.1643037,
  0.1537328, 0.1346738, 0.1143859, 0.1190662, 0.1047548, 0.09451259, 
    0.07098425, 0.06689519, 0.0961368, 0.09864449, 0.08057182, 0.07768159, 
    0.08198344, 0.09439187, 0.1005776, 0.1060248, 0.1238506, 0.1163438, 0, 
    0.0588836, 0.09242368, 0.08676272, 0.1082815, 0.1210424, 0.09667922, 
    0.1342985, 0.1279891, 0.1182847, 0.1390853, 0.1449515, 0.1466587, 
    0.1731581, 0.1680879, 0.1739428, 0.1863884, 0.1784981,
  0.1262407, 0.1075874, 0.09233927, 0.09529889, 0.0694636, 0.0649622, 0, 
    0.03308392, 0.03714805, 0.05489065, 0.05140533, 0.05586034, 0.05630421, 
    0.06198293, 0.07225781, 0.07787966, 0.07699842, 0.07915907, 0, 
    0.03499708, 0.0906921, 0.07795122, 0.08814251, 0.09189928, 0.08428978, 
    0.1127362, 0.09394809, 0.08035896, 0.08137488, 0.09542143, 0.09911545, 
    0.1343369, 0.141982, 0.1515483, 0.1663029, 0.1504275,
  0.0903179, 0.06911754, 0.05271453, 0.0567289, 0.05890145, 0.03720548, 
    0.03711271, 0.03693396, 0.02709564, 0.03445813, 0.03881989, 0.03771467, 
    0.04187798, 0.04507582, 0.05484708, 0.05602038, 0.05076453, 0.04737903, 
    0, 0.01747608, 0.05465061, 0.05369038, 0.07108797, 0.07258803, 
    0.06185208, 0.08424013, 0.07189267, 0.062721, 0.05136188, 0.04467475, 
    0.06792248, 0.091733, 0.100422, 0.1114638, 0.1197897, 0.1087681,
  0.06062054, 0.04161175, 0.03903477, 0.00350514, 0.01030922, 0.01662705, 
    0.02041661, 0.02481249, 0.01374505, 0.00639048, 0.01696457, 0.0188097, 
    0.02033714, 0.02962493, 0.02885118, 0.03085341, 0.03003571, 0.01914498, 
    0, 0, 0.01868765, 0.03031222, 0.04285488, 0.05511026, 0.05228663, 
    0.04932414, 0.04009778, 0.03431754, 0.0197029, 0.01471159, 0.02307594, 
    0.04265514, 0.04479266, 0.05027508, 0.06902052, 0.0598237,
  0.01654662, 0, 0.004576169, 0, 0, 0.002070015, -0.00143121, -1.435312e-06, 
    0.003597515, -0.004652327, 0.001369281, -0.006285727, 0.00110762, 
    -0.001753058, 0.01075997, 0.009036629, 0.003651937, -0.002165617, 0, 0, 
    -0.009208665, 0.00319716, 0.01285329, 0.0161792, 0.02157514, 0.01864597, 
    -0.00147968, 0, -0.001866218, -0.01761651, -0.02007115, -0.004644461, 
    0.004754026, 0.008923093, 0.02309206, 0.02605534,
  -0.01716142, 0, 0, 0, 0, -0.02665797, -0.02513479, -0.02419542, 
    -0.01953206, -0.02102709, -0.0208534, -0.02168935, -0.01618126, 
    -0.02330339, -0.01870416, -0.01548507, -0.02310698, -0.01957215, 0, 0, 0, 
    -0.02329431, -0.005516905, -0.00273576, -0.005376758, -0.01809582, 
    -0.04258863, 0, 0, -0.03861476, -0.05558431, -0.0442819, -0.04082888, 
    -0.03018164, -0.02057909, -0.01439223,
  -0.02665201, 0, 0, 0, 0, -0.04290441, -0.04764031, -0.04208213, 
    -0.03993499, -0.04122369, -0.03484792, -0.03215874, -0.03522833, 
    -0.03430806, -0.03929299, -0.04143608, -0.04310409, -0.03405811, 0, 0, 0, 
    -0.02963599, -0.02482601, -0.0234241, -0.03083151, -0.04573631, 
    -0.04832816, 0, 0, -0.04044404, -0.05579305, -0.06153001, -0.07274733, 
    -0.0697007, -0.06487536, -0.05762948,
  -0.0275044, 0, 0, 0, -0.05227904, -0.04901217, -0.06074901, -0.05600379, 
    -0.05515293, -0.04784973, -0.04585764, -0.04631114, -0.04613834, 
    -0.05394781, -0.05422794, -0.05970239, -0.05936026, -0.04210055, 
    0.001091667, 0, 0, -0.02169305, -0.03676975, -0.03752087, -0.05784058, 
    -0.0573551, -0.04078111, 0, 0, -0.02342772, -0.04310014, -0.08215928, 
    -0.09481237, -0.1058691, -0.09878456, -0.07774417,
  -0.03327068, -0.003809747, 0, 0, -0.06020444, -0.06034243, -0.05978305, 
    -0.05014199, -0.05002082, -0.04854066, -0.04619062, -0.05425102, 
    -0.05166629, -0.06896219, -0.0745572, -0.07425661, -0.06583329, 
    -0.047102, -0.0008978558, 0, 0, 0, -0.04869645, -0.05323011, -0.0617286, 
    -0.05347389, -0.02686158, 0, 0, -0.008896037, -0.02815437, -0.08515158, 
    -0.1040328, -0.114699, -0.1137547, -0.08363402,
  -0.03567449, -0.0004199264, -4.085285e-05, -0.03477333, -0.05494165, 
    -0.05485565, -0.05263142, -0.05241376, -0.04657434, -0.04607308, 
    -0.04456952, -0.05518701, -0.06668063, -0.07508199, -0.08504898, 
    -0.08282798, -0.06637719, -0.04602554, 0, 0, 0, 0, -0.06049031, 
    -0.06934553, -0.06826352, -0.04646274, -0.005133267, 0, 0, -3.691747e-05, 
    -0.01826183, -0.07254333, -0.08741181, -0.09582154, -0.102134, -0.07908421,
  -0.03128369, -0.006937673, -0.008375796, -0.03458814, -0.03071439, 
    -0.03478537, -0.03595424, -0.03734921, -0.03514987, -0.04349127, 
    -0.0441024, -0.05904176, -0.06707733, -0.07377281, -0.07997095, 
    -0.08204941, -0.06193868, -0.03291294, 0, 0, 0, 0, -0.0666878, 
    -0.07315601, -0.06132686, -0.03731884, 0.00179705, 0, 0, -0.004581456, 
    -0.0578953, -0.04862173, -0.05879221, -0.06700904, -0.06950344, 
    -0.06426644,
  -0.01005395, -0.004490137, -0.01836196, -0.00735005, -0.02065335, 
    -0.01397649, -0.01985369, -0.02355063, -0.02646584, -0.04575463, 
    -0.05050915, -0.06356765, -0.06146264, -0.06720074, -0.06927943, 
    -0.06918018, -0.04881268, -0.01177894, 0, 0, 0, 0, -0.06749799, 
    -0.0726577, -0.04971387, -0.02453495, 0.002492394, 0, 0, -0.02022075, 
    -0.04204078, -0.03049245, -0.02778613, -0.02702354, -0.03265757, 
    -0.03867695,
  -0.007791229, -0.003614172, -0.01133128, 0, -0.007130625, -0.003533251, 
    -0.008199335, -0.01949136, -0.02954382, -0.04957354, -0.05391688, 
    -0.06022189, -0.05838591, -0.05553717, -0.04884811, -0.04499352, 
    -0.03142207, 0, 0, 0, 0, 0, -0.06036068, -0.06056726, -0.03516457, 
    -0.01430544, 0.002264876, 0, 0, -0.01420033, -0.01938418, -0.01201849, 
    -0.004310601, 0.003668547, -0.001983845, -0.008028165,
  -0.003035448, 0, -0.002985153, 0.007716805, 0.0009294628, -0.0003594668, 
    -0.01079214, -0.02852891, -0.03801297, -0.04830048, -0.05176931, 
    -0.05363826, -0.05455387, -0.04514426, -0.03043879, -0.02074243, 
    -0.01393134, 0, 0, 0, 0, -0.07839315, -0.0481621, -0.03851304, 
    -0.02048292, -0.005918071, 7.378549e-05, 0, 0, -0.001040643, 
    -0.006900914, 0.00102527, 0.008192173, 0.01877816, 0.019298, 0.01410172,
  -0.0001808323, -0.0002402639, 0.008824951, 0.004449588, -0.001299108, 
    -0.009506926, -0.02132189, -0.03339367, -0.04412604, -0.04745689, 
    -0.05158424, -0.0501578, -0.04492724, -0.03434113, -0.02178764, 
    -0.0099331, -0.0007113268, 0.02376194, 0, 0, -0.02437665, -0.06234926, 
    -0.03566462, -0.02004839, -0.00852125, 0.005273056, 0.005861021, 0, 0, 0, 
    0.004783272, 0.008706686, 0.01481422, 0.02977354, 0.02591069, 
    -3.301593e-05,
  -0.002989732, -0.002514408, 0.006472908, -0.008033246, -0.01479266, 
    -0.02981795, -0.03378263, -0.04554385, -0.04951767, -0.0556516, 
    -0.05799552, -0.05132737, -0.04189423, -0.02988614, -0.0210612, 
    -0.00829845, 0.01127288, 0.01440108, 0, 0, -0.04794779, -0.05584248, 
    -0.03118057, -0.006845432, 0.003668178, 0.01499602, 0, 0, 0, 0, 
    0.01749218, 0.01820643, 0.0200497, 0.03515445, 0.02306336, -0.002706446,
  -0.004297451, -0.00739075, -0.005807634, -0.02319801, -0.03563239, 
    -0.05604512, -0.05161353, -0.06602328, -0.06730552, -0.07456266, 
    -0.06775314, -0.05433452, -0.04808156, -0.02552441, -0.01468364, 
    -0.01465687, -0.006130099, 7.344914e-06, 0, -0.01528239, -0.07605363, 
    -0.0666483, -0.03771719, -0.001795834, 0, 0, 0, 0, 0, 0, 0.01177027, 
    0.0327565, 0.02889734, 0.01339926, 0.0180523, -8.467593e-06,
  -0.005632702, -0.009131493, -0.02305554, -0.0375456, -0.05379224, 
    -0.06773753, -0.06551445, -0.08369241, -0.08460695, -0.09150941, 
    -0.08518403, -0.07111181, -0.06020778, -0.03598618, -0.01478518, 
    -0.01837071, -0.02833456, -0.0568401, 0, -0.07344422, -0.08915412, 
    -0.07969762, -0.05034023, -0.006527827, 0, 0, 0, 0, 0, 0, -0.009532579, 
    0.05003792, 0.03700312, 0.005583141, 0.0169308, -0.01168172,
  -0.01615003, -0.00566934, -0.03766095, -0.05056858, -0.06288027, 
    -0.07921434, -0.07849634, -0.08236463, -0.09354132, -0.1023881, 
    -0.09798121, -0.0918218, -0.06975234, -0.04225212, -0.01137192, 
    -0.002500434, -0.0001650042, -0.08669295, -0.1129239, -0.08323989, 
    -0.0911529, -0.08721565, -0.06709207, -0.01738645, 0, 0, 0, 0, 0, 0, 
    -0.01686759, 0.05318933, 0.04315769, 0.00235736, 0.01937952, 0,
  -0.03261838, -0.03513376, -0.04528114, -0.05495666, -0.06188923, 
    -0.06904291, -0.07389688, -0.0799976, -0.08001231, -0.07750903, 
    -0.09274492, -0.09266589, -0.07169784, -0.03734367, -0.002371221, 0, 0, 
    -0.05926513, -0.06390143, -0.07860069, -0.08053553, -0.07978605, 
    -0.07283365, -0.03235389, 0, 0, 0, 0, 0, 0.006103144, 0, 0.04352498, 
    0.03881697, 0, 0.01964681, 0,
  0, -0.07306185, -0.04266949, -0.04502795, -0.04859461, -0.05431078, 
    -0.05853999, -0.06406792, -0.06474848, -0.06078682, -0.07636584, 
    -0.08239932, -0.06122965, -0.023025, 0.01187366, 0, -0.03886857, 
    -0.04802925, -0.06617976, -0.05781818, -0.06332011, -0.06277318, 
    -0.06383794, -0.04812437, 0, 0, 0, 0, 0, 0.00284857, 0, 0.02678747, 
    0.01226877, 0, 0.01285989, 0,
  0, -0.03997542, -0.02955033, -0.02565625, -0.0278374, -0.03288824, 
    -0.03566035, -0.04132012, -0.04687981, -0.05032924, -0.06417591, 
    -0.05836938, -0.04104543, -0.009441422, 0.02524666, 0, -0.03647637, 
    -0.0370988, -0.04189065, -0.0374265, -0.04180285, -0.04592916, 
    -0.05065134, -0.04636234, 0, 0, 0, 0, 0, 0, 0, 0.006586661, 0, 0, 0, 0,
  0, 0, -0.005289115, 0.0038947, 0.01064933, 0.006751595, -0.003484018, 
    -0.01212158, -0.01226533, -0.01412941, -0.0355132, -0.0409382, 
    -0.02533181, 0.0131325, 0, 0, -0.02326209, -0.006100053, -0.009754924, 
    -0.01169982, -0.01596654, -0.01978822, -0.0282132, -0.03664662, 0, 0, 0, 
    0, 0, 0, 0.01755874, 0, 0, 0, 0, 0,
  0, 0, 0.006062437, 0.03715565, 0.04020073, 0.04438615, 0.03890235, 
    0.02701403, 0.02609065, 0.01768442, 0.003617376, -0.00991696, 
    -0.005085804, 0.04165614, 0, 0, 0, 0.004420567, 0.0208904, 0.0243711, 
    0.0108313, 0.003536253, -0.007294834, -0.01654104, -0.009403288, 0, 0, 
    0.008411794, 0.03493261, 0, 0, 0, 0, 0, 0, 0,
  0, 0.0009334727, 0.009543306, 0.009857447, 0.04768814, 0.06509126, 
    0.07687569, 0.06964471, 0.0597136, 0.0438309, 0.0339385, 0.02053493, 
    0.01622951, 0, 0, 0, 0, 0, 0.04950071, 0.06644525, 0.04808953, 
    0.03202336, 0.01689483, 0.001027342, 0.005220708, 0.001361438, 0, 
    0.01298976, 0.0296606, 0, 0, 0, 0, 0, 0, 0,
  0, 0.002880499, 0.01838812, 0.02344794, 0.04237336, 0.06420613, 0.08691945, 
    0.08255665, 0.07783002, 0.06062872, 0.04757369, 0.03654472, 0.02551168, 
    0, 0, 0, 0, 0, 0.03523846, 0.07711058, 0.06760151, 0.06514187, 
    0.04079472, 0.02869172, 0.01214816, 0.00221146, 0.01444753, 0.002620133, 
    0, 0, 0, 0, 0, 0, 0, 0,
  0, 0, 0, 0.03833447, 0.05367635, 0.06169154, 0.0655647, 0.07832196, 
    0.07432102, 0.06680657, 0.06267481, 0.05411393, 0.03986562, 0, 0, 0, 0, 
    0, 0.007214812, 0.05379023, 0.04868092, 0.1003962, 0.07922649, 
    0.05827766, 0.02700082, 0, 0.004782591, 0, 0, 0, 0, 0, 0, 0, 0, 0,
  0, 0, 0, 0.003827993, 0.0297158, 0.07090999, 0.04985784, 0.04407281, 
    0.05374676, 0.05577342, 0.06497218, 0.05861967, 0.03703118, 0, 0, 0, 0, 
    0, 0, 0.03875047, 0.06788708, 0.1235978, 0.09262192, 0.07751919, 
    0.06109885, 0, 0, 0, 0, 0, 0, 0, 0, 0, 0, 0,
  0, 0, 0, 0.000720664, 0.01336088, -0.0005498119, 0.003187856, 0.01342994, 
    0.02983063, 0.04267244, 0.05429632, 0.0401618, -0.006392367, 0, 0, 0, 0, 
    0.01877341, 0, 0, 0.08348037, 0.1028619, 0.1024346, 0.09703215, 
    0.03651734, 0.004026155, 0.005991415, 0, 0, 0, 0, 0, 0, 0, 0, 0,
  0, 0, 0, 0, -0.0004560115, 0, -0.04575777, -0.04690569, -0.008899298, 0, 
    -0.03724906, -0.02280409, 0, 0, 0, 0, 0.007916807, 0.007679144, 
    0.004378289, 0.02991754, 0.02736832, 0.1007892, 0.0829981, 0.07918464, 
    0.06492586, 0.04354033, 0.002361617, 0.02644574, 0, 0, 0, 0, 0, 0, 0, 0,
  0, 0, 0, 0, 0, 0, 0, 0, -0.0001835091, 0, 0, 0, 0, 0, 0, 0, 0, 0.001875131, 
    0, -0.001366815, 0, 0, -0.08621993, -0.05996172, 0.007793663, 0.02524375, 
    0.03290905, 0, 0, 0, 0, 0, 0, 0, 0, 0,
  0, -0.000775305, -0.002151054, -0.002987772, -0.004270453, 0, 0, 0, 0, 0, 
    0, 0, 0, 0, 0, 0, 0, -0.0001839702, -1.357597e-06, 0, 0, 0, 0, 0, 
    -0.004283209, -0.01896504, -0.03459398, -0.01584742, -0.01042709, 
    -0.008463368, -0.006932781, -0.001714755, 0.0009371781, -0.001120137, 
    0.0008864764, 0 ;

 stressy =
  0, 0, 0, 0, 0, 0, 0, 0, 0, 0, 0, 0, 0, 0, 0, 0, 0, 0, 0, 0, 0, 0, 0, 0, 0, 
    0, 0, 0, 0, 0, 0, 0, 0, 0, 0, 0,
  0.0001792743, 0.0003179796, 0.0004128345, 0.0005627602, 0.006511442, 
    0.005264525, 0.01070001, 0.007969471, 0.002832653, 0.007578515, 
    0.002364877, -0.005418413, -0.00601323, 0.003282171, -0.0001021649, 
    -0.005022881, -0.009174085, -0.005022787, -0.005260345, 0, 0, 
    0.0007305407, 0.001047571, 0.01056439, 0.003320221, 0.002739778, 
    -0.0002851913, 4.664459e-05, -0.00245624, -0.004380174, -0.0003307868, 
    0.0003710175, 0.0007563875, 0.0005681728, 1.693929e-05, 0.000345152,
  -0.001484755, -0.0081297, -0.02042686, -0.01301705, -0.02607862, 
    -0.02435316, -0.02501606, -0.02197629, -0.004001916, -0.002431176, 
    -0.005662736, -0.001858904, -0.01320415, -0.01670007, -0.01789992, 
    -0.01235581, -0.01345557, -0.02190275, -0.01659348, -0.01169202, 
    0.008031026, 0.01099718, 0.0002618012, -0.004597187, 0.006486959, 
    0.0003200752, -0.002905637, -0.008331544, -0.0157815, -0.02410996, 
    -0.02333677, -0.01349944, -0.005657739, -0.009760698, -0.007839925, 
    -0.008573108,
  -0.02450685, -0.04893431, -0.05148607, -0.04048311, -0.02165557, 
    -0.01928328, -0.02757844, -0.0189463, 0.0009396107, -0.008691853, 
    -0.005080746, -0.01675058, -0.01080688, -0.02356143, -0.02816192, 
    -0.02167464, -0.02707411, -0.04580798, 0, -0.005098976, 0.001100446, 
    0.007827, 0.005030415, -0.01327787, -0.03250001, -0.03908723, 
    -0.02213745, -0.03087737, -0.04659674, -0.04380978, -0.03786542, 
    -0.03331483, -0.0288536, -0.01981332, 0.0004080646, -0.01720013,
  -0.03346689, -0.03902895, -0.03757242, -0.03550567, -0.01538517, 
    -0.00574629, -0.01116966, 0.008626811, 0.00607457, -0.002686399, 
    -0.007754239, -0.01201923, -0.002109813, -0.01644212, -0.0240636, 
    -0.01399087, -0.02848059, -0.04318209, 0, -0.01178625, 0.01163823, 
    0.005309515, 0.005793101, -0.003146062, -0.03817789, -0.048317, 
    -0.02418002, -0.01117517, -0.01297904, -0.04705543, -0.03530532, 
    -0.01823415, -0.01661297, 0.004456914, -0.01107194, -0.0193589,
  -0.03374659, -0.03062162, -0.02771339, -0.01951388, 0.0008465429, 
    0.009931811, 0, 0.01085657, 0.01798598, 0.001574622, -0.004885975, 
    -0.01206847, 0.005408961, -0.01705588, -0.01403904, -0.007335889, 
    -0.02058142, -0.01397542, 0, -0.01465181, 0.006751361, 0.01181518, 
    0.002095656, 0.007772374, -0.02086741, -0.03876892, -0.01663328, 
    0.0008366062, -0.002000155, -0.01968425, -0.00975241, 0.004598939, 
    0.005594417, -0.0001611348, -0.004210263, -0.009725258,
  -0.00904117, -0.007141479, -0.01037013, 0.006276764, 0.0121933, 0.02636071, 
    0.01956215, 0.009570592, 0.01019879, 0.01348524, 0.01231148, 0.001347985, 
    0.00658612, -0.01005589, -0.01401025, 0.003898772, -0.008681296, 
    0.01537264, 0, -0.007899111, 0.001403723, 0.002169261, 0.00537855, 
    -0.005156779, -0.01387485, -0.02089279, -0.001214464, 0.01603504, 
    0.01349185, -0.005642999, -0.003467009, 0.002275938, 0.0008826153, 
    0.003129802, 0.00637953, 0.007068599,
  0.0314085, 0.01499476, 0.01102053, 0.002993924, 0.01276311, 0.02229183, 
    0.01806276, 0.01734254, 0.01186192, 0.01297421, 0.01719189, 0.003661472, 
    0.001796917, -0.003843534, -0.01460262, 0.0009947346, 0.005602858, 
    0.03158657, 0, 0, 0.009494818, -0.002024409, 0.006393384, -0.00448462, 
    -0.01185093, -0.002649958, 0.02213812, 0.01734523, 0.0006570947, 
    0.002046174, 0.002003443, 0.007986696, 0.00135383, 0.01820527, 
    0.01145351, 0.02319627,
  0.06023781, 0, 0.005950499, 0, 0, 0.02495681, 0.01576688, 0.02007873, 
    0.01935161, 0.01898067, 0.019594, 0.009553352, 0.0002885753, 
    -0.001076447, -0.001537491, -0.002625061, 0.01667327, 0.04755506, 0, 0, 
    -0.0004119806, -0.00532493, -0.004586383, -6.928272e-05, -0.005980447, 
    0.01374795, 0.05344531, 0, 0.005507942, 0.004440955, 0.01124957, 
    0.009368607, 0.009085968, 0.02003064, 0.02548928, 0.02694017,
  0.08245287, 0, 0, 0, 0, 0.02429111, 0.02286145, 0.02308693, 0.02364463, 
    0.0228473, 0.02004662, 0.008093914, -0.00026497, 0.001953519, 
    0.003065344, 0.003201034, 0.0172841, 0.052728, 0, 0, 0, -0.007934171, 
    -0.001697314, -0.007395844, 0.001762742, 0.02277047, 0.0800652, 0, 0, 
    0.02372407, -0.001925142, 0.009997284, 0.02121193, 0.01737069, 
    0.02661301, 0.03801274,
  0.0875308, 0, 0, 0, 0, 0.03151503, 0.0274362, 0.02440838, 0.02532657, 
    0.02705373, 0.02069009, 0.008953429, 0.0006837151, -0.003066367, 
    0.001015861, 0.008257777, 0.02301776, 0.05471986, 0, 0, 0, -0.02074822, 
    -0.00362714, -0.003721329, 0.01121629, 0.03656337, 0.09065681, 0, 0, 
    0.03305216, -0.007906673, 0.01348742, 0.02691559, 0.02616291, 0.03322373, 
    0.05159861,
  0.07714863, 0, 0, 0, 0.04025059, 0.03663122, 0.03572125, 0.02975427, 
    0.0301351, 0.02683572, 0.01587555, 0.008048042, 0.0001093806, 
    -0.004362545, 0.002096681, 0.01466926, 0.02805466, 0.05078097, 
    0.01350233, 0, 0, -0.01791905, -0.005544961, -0.0007141267, 0.02123884, 
    0.0438281, 0.0808028, 0, 0, 0.03458169, 0.009251617, 0.02389199, 
    0.03126841, 0.04152601, 0.04931038, 0.05708653,
  0.05670511, 0.01366856, 0, 0, 0.04116116, 0.04059071, 0.03536352, 
    0.02501194, 0.02407599, 0.01641962, 0.01324926, 0.007864133, 0.001369875, 
    0.002832467, 0.00794956, 0.02083558, 0.03531157, 0.05339718, 0.003096939, 
    0, 0, 0, -0.001793477, 0.008809969, 0.02660173, 0.04604888, 0.07340736, 
    0, 0, 0.03040051, 0.02925909, 0.03738422, 0.04016262, 0.04811397, 
    0.06272941, 0.05774182,
  0.03886105, 0.009423167, 5.472034e-05, 0.01666727, 0.04221734, 0.04021196, 
    0.03256278, 0.02418784, 0.01357965, 0.009172438, 0.007016241, 
    0.004108832, 0.006367027, 0.009587592, 0.01712246, 0.03079361, 
    0.04300082, 0.05838811, 0, 0, 0, 0, 0.00680313, 0.0210528, 0.03491032, 
    0.04717266, 0.0492443, 0, 0, 0.0003869781, 0.03027988, 0.03984484, 
    0.04287529, 0.05328643, 0.05963236, 0.05562828,
  0.0228539, 0.009592265, 0.004801254, 0.01453273, 0.02729681, 0.02724528, 
    0.02165772, 0.01336592, 0.002817844, 0.0004703468, 0.0001549442, 
    9.03743e-05, 0.01123254, 0.01985989, 0.02613422, 0.0393976, 0.04752376, 
    0.05007512, 0, 0, 0, 0, 0.01734923, 0.03170779, 0.04057432, 0.04540557, 
    0.02819805, 0, 0, 0.01426825, 0.06545544, 0.03567909, 0.03752431, 
    0.04778989, 0.04258809, 0.03422927,
  0.006471599, 0.004840245, 0.01239424, 0.003642798, 0.0232063, 0.01247982, 
    0.006146823, 0.0001131445, -0.006817699, -0.01023292, -0.002578984, 
    5.161869e-05, 0.01304255, 0.02420061, 0.0329106, 0.04298482, 0.04712287, 
    0.02674404, 0, 0, 0, 0, 0.02631371, 0.04135947, 0.04301431, 0.04162582, 
    0.02446241, 0, 0, 0.02083694, 0.04798764, 0.0280142, 0.02428516, 
    0.0283571, 0.02342772, 0.02382233,
  0.006147683, 0.001679087, 0.01552222, 0, 0.009743079, 0.001420871, 
    -0.004161777, -0.007367111, -0.01284095, -0.0123133, -0.002569809, 
    0.001288227, 0.01235803, 0.02288812, 0.03106466, 0.0358023, 0.03650833, 
    0, 0, 0, 0, 0, 0.03090966, 0.04305902, 0.03978362, 0.04200346, 
    0.02255704, 0, 0, 0.01524534, 0.02910683, 0.01861596, 0.01180869, 
    0.01378707, 0.01115656, 0.007900498,
  0.002089461, 0, 0.009532691, -0.004637775, 0.001930252, -0.003098848, 
    -0.005973589, -0.007778751, -0.01169364, -0.006573624, 0.002197259, 
    0.009103162, 0.01288792, 0.01829291, 0.02150123, 0.02462941, 0.02614191, 
    0, 0, 0, 0, 0.01916569, 0.02774808, 0.03529954, 0.03490959, 0.04067912, 
    0.000995532, 0, 0, 0.001463098, 0.02087726, 0.007601223, 0.003765009, 
    0.006792339, 0.006648705, -0.007957644,
  -0.0007898497, 9.368959e-05, 0.004007216, -0.006744353, -0.0006583868, 
    -0.005306134, -0.004887628, -0.003802415, -0.003633205, 0.006461216, 
    0.009146258, 0.02302921, 0.02000406, 0.02737877, 0.02393417, 0.03205065, 
    0.0382167, 0.02937674, 0, 0, -0.009790697, 0.009867749, 0.01986514, 
    0.02931374, 0.03761237, 0.03639114, 0.01316052, 0, 0, 0, 0.02242711, 
    0.002782265, -0.001174706, 0.00375247, 0.008960343, 1.996307e-05,
  -0.01410249, -0.003777875, 0.001055436, -0.009525968, -0.006622175, 
    -0.01227455, -0.01233211, -0.01219544, -0.009184496, 0.0003695128, 
    0.001964239, 0.02153985, 0.02040267, 0.0335885, 0.03305639, 0.0323723, 
    0.0335674, 0.003959049, 0, 0, -0.02358425, -0.0126012, -0.002504315, 
    0.01453293, 0.02574751, 0.02043815, 0, 0, 0, 0, 0.03434813, 0.00373983, 
    -0.005665113, -0.001238001, 0.01426338, -0.01077955,
  -0.02802322, -0.01011179, -0.005410146, -0.0107809, -0.01352421, 
    -0.02011777, -0.02149691, -0.0294148, -0.03082622, -0.02293987, 
    -0.02147487, -0.008905605, -0.003011685, 0.01120736, 0.01579718, 
    0.005869435, -0.003812193, -0.01335148, 0, -0.003199523, -0.02817029, 
    -0.0335979, -0.02863174, -0.007744558, 0, 0, 0, 0, 0, 0, 0.03032667, 
    0.01101989, -0.009962545, -0.004814929, 0.01838679, 0.001528916,
  -0.03395721, -0.01209658, -0.01162994, -0.01076494, -0.01315498, 
    -0.01971713, -0.02719743, -0.0337137, -0.03631402, -0.03889695, 
    -0.03650748, -0.03289545, -0.03307229, -0.02413808, -0.007888437, 
    -0.006377975, -0.01134383, -0.03832969, 0, -0.0154198, -0.02955922, 
    -0.04004576, -0.04380831, -0.03353141, 0, 0, 0, 0, 0, 0, 0.01748031, 
    0.03050547, -0.01225242, 0.006901846, 0.02017521, -0.00414142,
  -0.02312471, -0.003647747, -0.01837046, -0.01368074, -0.01047561, 
    -0.01575914, -0.02410914, -0.02524108, -0.030736, -0.03949776, 
    -0.03625982, -0.04721233, -0.0459825, -0.0429708, -0.02283864, 
    -0.003031816, -4.338272e-05, -0.02926786, -0.008974799, -0.01222867, 
    -0.02524743, -0.03662495, -0.05080829, -0.05738789, 0, 0, 0, 0, 0, 0, 
    0.002733626, 0.04251867, -0.01240074, 0.004068893, 0.01964026, 0,
  -0.02090431, -0.02930129, -0.0240225, -0.01452468, -0.008201615, 
    -0.01332984, -0.0205569, -0.02348457, -0.02803932, -0.02196136, 
    -0.03066303, -0.04523558, -0.04871053, -0.05143682, -0.02730628, 0, 0, 
    -0.01351675, -0.007869228, -0.007118889, -0.01719338, -0.02574035, 
    -0.0478636, -0.0773549, 0, 0, 0, 0, 0, -0.01156107, 0, 0.04232514, 
    -0.00961721, 0, 0.02160901, 0,
  0, -0.06753604, -0.02557023, -0.01327578, -0.005789526, -0.009283887, 
    -0.01440468, -0.02124378, -0.02572492, -0.02204081, -0.02219829, 
    -0.03456037, -0.04327589, -0.05031913, -0.02768961, 0, -0.007831534, 
    -0.01245776, 0.0002600057, -0.002160649, -0.009974451, -0.01840088, 
    -0.03712085, -0.07877458, 0, 0, 0, 0, 0, -0.00684653, 0, 0.03695202, 
    -0.002403745, 0, 0.02292786, 0,
  0, -0.06560612, -0.02385953, -0.009231565, -0.004685334, -0.01077028, 
    -0.01140813, -0.02131845, -0.02101335, -0.01632933, -0.01585009, 
    -0.02273775, -0.03635368, -0.05349104, -0.02535516, 0, -0.006064259, 
    -0.00830737, -0.0005809194, 0.0008952885, -0.002514062, -0.01277361, 
    -0.02599296, -0.05962532, 0, 0, 0, 0, 0, 0, 0, 0.009014519, 0, 0, 0, 0,
  0, 0, -0.03067655, -0.005486413, -0.003073838, 0.0004385537, -0.004660953, 
    -0.0108767, -0.01510278, -0.01208337, -0.008775712, -0.01477921, 
    -0.0394997, -0.05401075, 0, 0, -0.00621443, -0.003176879, -0.0006816863, 
    0.004352934, 0.003431397, -0.003317242, -0.01848812, -0.04923636, 0, 0, 
    0, 0, 0, 0, -0.02864955, 0, 0, 0, 0, 0,
  0, 0, -0.02379129, -0.01182873, -0.001684856, 0.003813382, 0.005011656, 
    0.002228364, -0.002323334, -0.001461604, 0.0002628352, -0.008723415, 
    -0.04538788, -0.05068259, 0, 0, 0, -0.006595626, 0.0003869467, 
    0.01188839, 0.01044062, 0.002237294, -0.01035373, -0.03606116, 
    -0.04035143, 0, 0, -0.01485855, -0.02547942, 0, 0, 0, 0, 0, 0, 0,
  0, -0.009599485, -0.01295959, -0.0129362, -0.01895626, -0.003806956, 
    0.002951523, 0.00788225, 0.004145757, 0.005263362, 0.008303464, 
    0.0004001485, -0.04793352, 0, 0, 0, 0, 0, -0.009389939, 0.01857126, 
    0.02123668, 0.01124727, -0.0008772193, -0.02961672, -0.04569763, 
    -0.0009042791, 0, -0.01468492, -0.01442976, 0, 0, 0, 0, 0, 0, 0,
  0, -0.007283648, -0.02382417, -0.009987132, -0.02466741, -0.01507321, 
    -0.002082787, 0.003333402, 0.01050704, 0.01912419, 0.02529293, 
    0.01339823, -0.03927016, 0, 0, 0, 0, 0, -0.02741367, -0.001537758, 
    0.01586656, 0.02228028, 0.01245979, -0.01379176, -0.04760033, 
    -0.003987863, -0.005967409, -0.005899433, 0, 0, 0, 0, 0, 0, 0, 0,
  0, 0, 0, -0.01577317, -0.02000211, -0.01152163, 0.003269129, 0.008587725, 
    0.02048723, 0.02258557, 0.02621589, 0.02277496, -0.01168825, 0, 0, 0, 0, 
    0, -0.004269871, -0.01183433, 0.0003609467, 0.01857098, 0.02114938, 
    0.003179841, -0.01094939, 0, -0.0007152353, 0, 0, 0, 0, 0, 0, 0, 0, 0,
  0, 0, 0, -0.008656553, -0.01501278, -0.01253124, 0.0007469417, 0.01420393, 
    0.01707979, 0.0228758, 0.0317082, 0.03133684, 0.01290793, 0, 0, 0, 0, 0, 
    0, -0.00371081, 0.005632267, 0.02417136, 0.03022031, 0.01574539, 
    0.005280382, 0, 0, 0, 0, 0, 0, 0, 0, 0, 0, 0,
  0, 0, 0, -0.001414687, -0.01501162, -0.02288596, -0.01078903, -0.006505981, 
    -0.002005802, 0.005265537, 0.03304724, 0.04671166, 0.01935474, 0, 0, 0, 
    0, -0.01028863, 0, 0, -0.01821319, -0.002315849, 0.01608413, 0.02980356, 
    0.01875152, 0.00116536, 0.001960474, 0, 0, 0, 0, 0, 0, 0, 0, 0,
  0, 0, 0, 0, -0.0007547431, 0, -0.03416922, -0.0476651, -0.02133065, 0, 
    -0.009159992, 0.02344039, 0, 0, 0, 0, -0.003935522, -0.009076671, 
    -0.004331212, -0.02555363, -0.04391279, -0.04100339, 0.03155869, 
    0.03906377, 0.03870279, 0.0365071, 0.0009280921, 0.008858072, 0, 0, 0, 0, 
    0, 0, 0, 0,
  0, 0, 0, 0, 0, 0, 0, 0, -0.0006472224, 0, 0, 0, 0, 0, 0, 0, 0, 
    -0.0009383504, 0, -0.004323714, 0, 0, -0.06648412, -0.03674284, 
    -0.01263549, 0.006420047, 0.02493604, 0, 0, 0, 0, 0, 0, 0, 0, 0,
  0, 0.0008076369, 4.405677e-05, -0.001385459, -0.001507543, 0, 0, 0, 0, 0, 
    0, 0, 0, 0, 0, 0, 0, -0.0008759265, -0.0001188658, 0, 0, 0, 0, 0, 
    -0.009368342, -0.01277759, -0.01062999, -0.01112888, -0.009755461, 
    -0.008539685, -0.001764915, -0.0009276553, -0.001872435, -0.002371884, 
    -0.001249588, 0 ;
}
