  -8.7500000e+01
  -8.2500000e+01
  -7.7500000e+01
  -7.2500000e+01
  -6.7500000e+01
  -6.2500000e+01
  -5.7500000e+01
  -5.2500000e+01
  -4.7500000e+01
  -4.2500000e+01
  -3.7500000e+01
  -3.2500000e+01
  -2.7500000e+01
  -2.2500000e+01
  -1.7500000e+01
  -1.2500000e+01
  -7.5000000e+00
  -2.5000000e+00
   2.5000000e+00
   7.5000000e+00
   1.2500000e+01
   1.7500000e+01
   2.2500000e+01
   2.7500000e+01
   3.2500000e+01
   3.7500000e+01
   4.2500000e+01
   4.7500000e+01
   5.2500000e+01
   5.7500000e+01
   6.2500000e+01
   6.7500000e+01
   7.2500000e+01
   7.7500000e+01
   8.2500000e+01
   8.7500000e+01
