   5.0000000e+00
   1.5000000e+01
   2.5000000e+01
   3.5000000e+01
   4.5000000e+01
   5.5000000e+01
   6.5000000e+01
   7.5000000e+01
   8.5000000e+01
   9.5000000e+01
   1.0500000e+02
   1.1500000e+02
   1.2500000e+02
   1.3500000e+02
   1.4500000e+02
   1.5500000e+02
   1.6500000e+02
   1.7500000e+02
   1.8500000e+02
   1.9500000e+02
   2.0500000e+02
   2.1500000e+02
   2.2500000e+02
   2.3500000e+02
   2.4500000e+02
   2.5500000e+02
   2.6500000e+02
   2.7500000e+02
   2.8500000e+02
   2.9500000e+02
   3.0500000e+02
   3.1500000e+02
   3.2500000e+02
   3.3500000e+02
   3.4500000e+02
   3.5500000e+02
