0.0685680000000000	0.0685120000000000	0.0694400000000000	0.0684480000000000	0.0677440000000000	0.0674560000000000	0.0672640000000000	0.0668880000000000	0.0667760000000000	0.0667200000000000	0.0669200000000000	0.0672080000000000	0.0680320000000000	0.0678400000000000	0.0679920000000000	0.0682720000000000	0.0689840000000000	0.0684160000000000	0.0682320000000000	0.0680720000000000	0	0	0	0	0.0682640000000000	0.0680480000000000	0.0678960000000000	0.0675120000000000	0.0678880000000000	0.0689680000000000	0.0695280000000000	0.0698320000000000	0.0704480000000000	0.0717200000000000	0.0715840000000000	0.0693520000000000
0	0	0	0	0	0	0	0	0	0.0620480000000000	0	0	0	0	0	0	0	0	0	0.0695280000000000	0.0694880000000000	0	0	0.0666640000000000	0.0677840000000000	0.0672080000000000	0.0674880000000000	0.0677680000000000	0	0	0	0	0	0	0	0
0	0	0	0	0	0	0.0717440000000000	0.0704320000000000	0.0709600000000000	0.0732960000000000	0.0682000000000000	0.0682560000000000	0	0	0	0	0	0	0	0	0.0820080000000000	0.0833680000000000	0.0831680000000000	0.0693680000000000	0.0698640000000000	0.0670400000000000	0	0	0	0	0	0	0	0	0	0
0	0	0	0	0.0809440000000000	0.0797760000000000	0.0813360000000000	0.0798080000000000	0.0792480000000000	0.0767600000000000	0.0754640000000000	0.0760720000000000	0.0798960000000000	0	0	0	0	0	0	0	0.0896880000000000	0.0886640000000000	0.0893440000000000	0.0884960000000000	0.0802480000000000	0	0	0	0	0	0	0	0	0	0	0
0	0	0	0	0.0918400000000000	0.0907920000000000	0.0888560000000000	0.0881040000000000	0.0870320000000000	0.0859360000000000	0.0845360000000000	0.0841440000000000	0.0851840000000000	0.0905040000000000	0	0	0	0	0	0	0.0996880000000000	0.0963600000000000	0.0960640000000000	0.0959920000000000	0.0963760000000000	0.0999440000000000	0	0	0	0	0	0	0	0	0	0
0	0	0	0.106928000000000	0.106080000000000	0.102352000000000	0.0990640000000000	0.0970560000000000	0.0956320000000000	0.0944240000000000	0.0929920000000000	0.0919760000000000	0.0923440000000000	0.0954480000000000	0	0	0	0	0	0.106736000000000	0.107216000000000	0.105296000000000	0.104136000000000	0.103256000000000	0.103872000000000	0.105368000000000	0	0	0	0	0	0	0	0	0	0
0	0	0	0.115416000000000	0.113704000000000	0.110344000000000	0.107184000000000	0.105136000000000	0.103336000000000	0.101808000000000	0.100640000000000	0.0996720000000000	0.0986720000000000	0.101048000000000	0	0	0	0	0.114944000000000	0.114720000000000	0.113704000000000	0.113120000000000	0.112192000000000	0.110552000000000	0.109568000000000	0	0.124480000000000	0.128232000000000	0	0	0	0	0	0	0	0
0	0	0	0.120280000000000	0.119920000000000	0.117112000000000	0.114376000000000	0.111936000000000	0.109640000000000	0.108200000000000	0.107056000000000	0.106384000000000	0.103952000000000	0.102432000000000	0	0	0	0	0.121904000000000	0.122128000000000	0.121584000000000	0.121152000000000	0.119584000000000	0.116544000000000	0.113328000000000	0.122200000000000	0.124904000000000	0.130472000000000	0.133656000000000	0.139632000000000	0	0	0	0	0	0
0	0	0.122936000000000	0.124848000000000	0.124784000000000	0.122576000000000	0.120352000000000	0.117632000000000	0.115128000000000	0.113848000000000	0.113768000000000	0.112952000000000	0.108640000000000	0.105880000000000	0.111416000000000	0	0	0	0.128456000000000	0.128448000000000	0.128304000000000	0.127848000000000	0.125000000000000	0.119552000000000	0.117328000000000	0	0	0.137352000000000	0.136960000000000	0	0	0	0	0	0	0
0	0	0.122840000000000	0.127840000000000	0.127856000000000	0.126992000000000	0.125448000000000	0.121688000000000	0.119040000000000	0.118240000000000	0.117384000000000	0.114776000000000	0.111744000000000	0.109040000000000	0.114504000000000	0	0.126168000000000	0.129960000000000	0.129960000000000	0.130712000000000	0.130560000000000	0.128992000000000	0.125376000000000	0.121768000000000	0.125008000000000	0	0	0	0	0	0	0	0	0	0	0
0	0	0.127224000000000	0.127880000000000	0.127248000000000	0.125520000000000	0.124248000000000	0.122224000000000	0.120672000000000	0.119840000000000	0.118752000000000	0.116768000000000	0.115688000000000	0.113616000000000	0.119136000000000	0	0.129304000000000	0.128056000000000	0.129104000000000	0.130536000000000	0.130288000000000	0.128176000000000	0.125680000000000	0.125704000000000	0.130584000000000	0	0	0	0	0	0	0.134568000000000	0.136096000000000	0	0	0
0	0.129104000000000	0.129256000000000	0.129376000000000	0.128120000000000	0.126680000000000	0.125584000000000	0.124752000000000	0.124000000000000	0.123584000000000	0.122640000000000	0.121048000000000	0.120168000000000	0.118960000000000	0.123624000000000	0	0.131536000000000	0.129512000000000	0.129984000000000	0.131224000000000	0.131280000000000	0.130304000000000	0.129184000000000	0.129352000000000	0.131880000000000	0	0	0	0	0	0	0.129776000000000	0.133720000000000	0	0	0
0	0.130072000000000	0.130680000000000	0.130096000000000	0.129152000000000	0.128296000000000	0.127432000000000	0.126536000000000	0.125592000000000	0.124824000000000	0.124152000000000	0.123440000000000	0.123288000000000	0.123872000000000	0.127592000000000	0.134200000000000	0	0.128968000000000	0.130384000000000	0.131232000000000	0.131736000000000	0.131784000000000	0.131304000000000	0.130544000000000	0.130904000000000	0	0	0	0	0	0	0.126552000000000	0.130600000000000	0	0.129272000000000	0.137984000000000
0	0.131776000000000	0.131616000000000	0.130664000000000	0.129600000000000	0.128616000000000	0.127600000000000	0.126544000000000	0.125464000000000	0.124616000000000	0.124024000000000	0.123568000000000	0.123688000000000	0.124720000000000	0.127592000000000	0.132216000000000	0.123360000000000	0	0.129016000000000	0.130160000000000	0.131488000000000	0.131896000000000	0.131792000000000	0.131664000000000	0.128576000000000	0	0	0	0	0	0	0.125984000000000	0.130704000000000	0.133328000000000	0.132408000000000	0.137400000000000
0	0.135296000000000	0.131896000000000	0.131256000000000	0.129848000000000	0.128536000000000	0.127232000000000	0.125896000000000	0.124544000000000	0.123648000000000	0.123072000000000	0.122432000000000	0.122680000000000	0.123136000000000	0.125992000000000	0.128696000000000	0.126088000000000	0.125752000000000	0	0.128944000000000	0.130416000000000	0.131264000000000	0.131288000000000	0.132336000000000	0.124344000000000	0	0	0	0	0	0	0.129856000000000	0.133056000000000	0.134920000000000	0.133688000000000	0.131304000000000
0	0.137560000000000	0.131032000000000	0.131936000000000	0.130144000000000	0.128008000000000	0.126472000000000	0.124584000000000	0.122872000000000	0.121544000000000	0.121184000000000	0.120784000000000	0.120336000000000	0.121576000000000	0.124072000000000	0.124392000000000	0.117976000000000	0.119536000000000	0	0	0.130336000000000	0.130696000000000	0.130432000000000	0.131160000000000	0.119640000000000	0	0	0	0	0	0	0.133560000000000	0.135120000000000	0.133232000000000	0.133592000000000	0.134944000000000
0	0.136840000000000	0.129008000000000	0.131568000000000	0.130272000000000	0.127960000000000	0.126728000000000	0.125040000000000	0.123120000000000	0.121232000000000	0.120752000000000	0.119776000000000	0.118656000000000	0.119152000000000	0.120624000000000	0.123128000000000	0.123840000000000	0.124968000000000	0	0	0.132152000000000	0.132064000000000	0.129056000000000	0.130152000000000	0.128816000000000	0.133400000000000	0.139160000000000	0	0	0	0.136800000000000	0.136272000000000	0.136728000000000	0.135824000000000	0.136704000000000	0.133704000000000
0	0	0.129360000000000	0.133168000000000	0.129480000000000	0.128504000000000	0.128144000000000	0.127592000000000	0.126424000000000	0.124680000000000	0.124160000000000	0.122160000000000	0.121520000000000	0.120024000000000	0.118960000000000	0.119720000000000	0.122208000000000	0.124144000000000	0	0	0	0.133648000000000	0.130464000000000	0.130544000000000	0.131448000000000	0.134896000000000	0.131024000000000	0	0	0	0.134536000000000	0.132648000000000	0.134360000000000	0.135616000000000	0.136632000000000	0.134320000000000
0	0	0.131488000000000	0.131752000000000	0.132280000000000	0.127712000000000	0.127256000000000	0.128032000000000	0.127880000000000	0.125328000000000	0.124448000000000	0.122440000000000	0.122248000000000	0.121136000000000	0.120272000000000	0.118240000000000	0.117904000000000	0.115928000000000	0	0	0	0.137040000000000	0.130104000000000	0.128592000000000	0.129000000000000	0.132416000000000	0.130152000000000	0	0	0	0.134264000000000	0.131336000000000	0.129872000000000	0.131368000000000	0.132496000000000	0.132768000000000
0.123200000000000	0	0.134416000000000	0.132616000000000	0.134528000000000	0.128192000000000	0.126824000000000	0.127288000000000	0.127696000000000	0.124984000000000	0.123240000000000	0.120840000000000	0.120000000000000	0.118576000000000	0.117336000000000	0.116080000000000	0.115864000000000	0.115800000000000	0	0	0	0	0.129048000000000	0.124536000000000	0.122928000000000	0.126152000000000	0.135072000000000	0	0	0	0.133696000000000	0.130776000000000	0.128936000000000	0.127472000000000	0.125744000000000	0.127232000000000
0.124128000000000	0	0.137472000000000	0.136176000000000	0.135136000000000	0.129760000000000	0.128552000000000	0.128648000000000	0.129128000000000	0.127568000000000	0.126112000000000	0.123672000000000	0.122080000000000	0.120064000000000	0.118496000000000	0.117696000000000	0.119280000000000	0.121336000000000	0	0	0	0	0.130512000000000	0.125808000000000	0.122528000000000	0.126008000000000	0.134224000000000	0	0	0	0.131888000000000	0.129512000000000	0.128144000000000	0.126240000000000	0.125568000000000	0.126072000000000
0.128376000000000	0.134488000000000	0	0	0.134968000000000	0.130352000000000	0.129112000000000	0.129336000000000	0.129464000000000	0.129080000000000	0.128056000000000	0.126288000000000	0.125104000000000	0.123824000000000	0.122912000000000	0.122776000000000	0.124248000000000	0.125480000000000	0	0	0	0	0.132768000000000	0.130120000000000	0.128560000000000	0.128904000000000	0.128216000000000	0	0	0	0.130824000000000	0.129080000000000	0.128192000000000	0.126688000000000	0.125944000000000	0.127544000000000
0.130464000000000	0.130680000000000	0	0	0.132984000000000	0.130128000000000	0.129632000000000	0.130144000000000	0.130088000000000	0.129912000000000	0.129040000000000	0.127792000000000	0.126816000000000	0.125928000000000	0.125344000000000	0.125560000000000	0.126752000000000	0.126456000000000	0	0	0	0	0.133424000000000	0.131264000000000	0.129744000000000	0.127576000000000	0.121424000000000	0	0	0	0.130528000000000	0.129760000000000	0.128280000000000	0.127880000000000	0.127864000000000	0.129080000000000
0.130584000000000	0.130048000000000	0	0	0.131552000000000	0.129880000000000	0.129952000000000	0.130384000000000	0.130320000000000	0.130000000000000	0.129352000000000	0.128488000000000	0.127704000000000	0.126760000000000	0.125712000000000	0.125240000000000	0.125496000000000	0.124864000000000	0.124520000000000	0	0	0	0.133512000000000	0.129824000000000	0.127224000000000	0.124152000000000	0.117288000000000	0	0	0	0.128816000000000	0.129392000000000	0.128488000000000	0.128328000000000	0.128544000000000	0.129472000000000
0.127304000000000	0.128704000000000	0	0	0	0.129104000000000	0.129856000000000	0.130080000000000	0.129952000000000	0.129608000000000	0.129208000000000	0.128432000000000	0.127576000000000	0.126096000000000	0.124368000000000	0.122512000000000	0.121368000000000	0.123224000000000	0.124456000000000	0	0	0	0.132448000000000	0.127800000000000	0.123632000000000	0.121360000000000	0.116824000000000	0	0	0.129232000000000	0.127304000000000	0.128760000000000	0.127880000000000	0.127528000000000	0.127464000000000	0.127416000000000
0.122984000000000	0.126840000000000	0	0	0	0.128480000000000	0.128984000000000	0.128784000000000	0.128752000000000	0.128176000000000	0.127896000000000	0.127424000000000	0.126552000000000	0.125088000000000	0.122784000000000	0.120656000000000	0.119008000000000	0.118872000000000	0.120344000000000	0	0	0.124472000000000	0.131264000000000	0.127088000000000	0.123992000000000	0.120104000000000	0.117592000000000	0.116488000000000	0	0.128112000000000	0.126528000000000	0.127280000000000	0.126232000000000	0.125200000000000	0.123704000000000	0.121744000000000
0.118312000000000	0.124608000000000	0	0	0	0.127528000000000	0.127224000000000	0.126976000000000	0.127248000000000	0.127008000000000	0.126480000000000	0.126096000000000	0.126112000000000	0.124952000000000	0.123152000000000	0.121544000000000	0.118848000000000	0.116256000000000	0.119824000000000	0	0	0.127120000000000	0.130112000000000	0.128856000000000	0.125728000000000	0.119184000000000	0.115728000000000	0.115544000000000	0	0.126032000000000	0.125040000000000	0.125576000000000	0.124080000000000	0.121504000000000	0.119936000000000	0.118600000000000
0.113592000000000	0.121408000000000	0.127168000000000	0	0	0.125504000000000	0.125920000000000	0.124568000000000	0.125064000000000	0.125040000000000	0.124424000000000	0.125432000000000	0.126328000000000	0.125552000000000	0.122720000000000	0.119616000000000	0.116776000000000	0.113704000000000	0.119296000000000	0	0	0.126248000000000	0.127928000000000	0.124320000000000	0.120552000000000	0.116656000000000	0.112160000000000	0.113784000000000	0	0.125496000000000	0.124264000000000	0.124424000000000	0.122088000000000	0.118376000000000	0.115360000000000	0.114192000000000
0.108216000000000	0.112128000000000	0.116504000000000	0.121416000000000	0	0.120336000000000	0.121872000000000	0.119640000000000	0.120744000000000	0.122104000000000	0.120592000000000	0.120096000000000	0.119064000000000	0.117440000000000	0.115624000000000	0.113352000000000	0.111312000000000	0.109816000000000	0.115496000000000	0	0.115664000000000	0.120760000000000	0.118408000000000	0.114800000000000	0.112456000000000	0.109944000000000	0.107352000000000	0.108024000000000	0.113608000000000	0.122392000000000	0.122392000000000	0.118168000000000	0.115360000000000	0.112384000000000	0.109080000000000	0.107736000000000
0.101424000000000	0.103496000000000	0.106816000000000	0.110120000000000	0.107256000000000	0.114376000000000	0.115576000000000	0.113936000000000	0.114848000000000	0.115832000000000	0.114496000000000	0.112968000000000	0.111504000000000	0.110048000000000	0.108552000000000	0.106776000000000	0.105272000000000	0.104696000000000	0.108752000000000	0	0.104824000000000	0.105392000000000	0.104792000000000	0.103360000000000	0.102504000000000	0.101312000000000	0.100544000000000	0.100816000000000	0.106488000000000	0.115208000000000	0.112624000000000	0.108000000000000	0.106360000000000	0.103896000000000	0.101464000000000	0.100616000000000
0.0940880000000000	0.0958560000000000	0.0984400000000000	0.100736000000000	0.101904000000000	0.106768000000000	0.109720000000000	0.108840000000000	0.105800000000000	0.104840000000000	0.104528000000000	0.104880000000000	0.104384000000000	0.102704000000000	0.101576000000000	0.100320000000000	0.0991920000000000	0.0989840000000000	0.102512000000000	0	0.0942880000000000	0.0935520000000000	0.0931040000000000	0.0927840000000000	0.0930320000000000	0.0923040000000000	0.0926400000000000	0.0934000000000000	0.0958160000000000	0.0992400000000000	0.0981520000000000	0.0950880000000000	0.0954640000000000	0.0937920000000000	0.0928800000000000	0.0929360000000000
0.0862560000000000	0.0881600000000000	0.0906080000000000	0.0927440000000000	0.0947600000000000	0.0969520000000000	0.0984880000000000	0.0972880000000000	0.0943360000000000	0.0932640000000000	0.0936000000000000	0.0948960000000000	0.0949600000000000	0.0937680000000000	0.0932000000000000	0.0926160000000000	0.0922640000000000	0.0925120000000000	0.0961680000000000	0	0.0877840000000000	0.0862400000000000	0.0852000000000000	0.0843200000000000	0.0842960000000000	0.0838000000000000	0.0840240000000000	0.0844240000000000	0.0849840000000000	0.0854960000000000	0.0848800000000000	0.0841520000000000	0.0850480000000000	0.0844640000000000	0.0841120000000000	0.0848400000000000
0.0776000000000000	0.0791120000000000	0.0815840000000000	0.0842480000000000	0.0859040000000000	0.0874640000000000	0.0870000000000000	0.0850800000000000	0.0828480000000000	0.0822720000000000	0.0827520000000000	0.0836080000000000	0.0837120000000000	0.0834160000000000	0.0834320000000000	0.0824800000000000	0.0829280000000000	0.0845920000000000	0.0874240000000000	0.0865840000000000	0.0838000000000000	0.0806640000000000	0.0786960000000000	0.0770640000000000	0.0764800000000000	0.0753680000000000	0.0757600000000000	0.0750720000000000	0.0746880000000000	0.0744720000000000	0.0741040000000000	0.0743840000000000	0.0749280000000000	0.0751520000000000	0.0754000000000000	0.0761920000000000
0.0651120000000000	0.0656800000000000	0.0660640000000000	0.0673600000000000	0.0681920000000000	0.0688880000000000	0.0686480000000000	0.0678480000000000	0.0671040000000000	0.0663920000000000	0.0662320000000000	0.0665200000000000	0.0664160000000000	0.0664960000000000	0.0665600000000000	0.0668560000000000	0.0677440000000000	0.0690800000000000	0.0696640000000000	0.0698400000000000	0.0698160000000000	0.0691440000000000	0.0712000000000000	0.0700320000000000	0.0692480000000000	0.0675600000000000	0.0671840000000000	0.0666560000000000	0.0659680000000000	0.0652160000000000	0.0644080000000000	0.0632800000000000	0.0626320000000000	0.0631200000000000	0.0623360000000000	0.0645280000000000
0	0.0641360000000000	0.0646800000000000	0.0651920000000000	0.0647920000000000	0.0648160000000000	0.0638080000000000	0.0631840000000000	0.0637120000000000	0.0615920000000000	0.0606160000000000	0.0598560000000000	0.0593760000000000	0.0592240000000000	0.0600800000000000	0.0613440000000000	0.0633120000000000	0.0664080000000000	0.0668880000000000	0.0656880000000000	0.0613840000000000	0.0580960000000000	0.0570720000000000	0.0564640000000000	0.0555520000000000	0.0541920000000000	0.0530640000000000	0.0525360000000000	0.0518160000000000	0.0514000000000000	0.0517040000000000	0.0530320000000000	0.0540240000000000	0.0549760000000000	0.0564960000000000	0
0	0	0	0	0	0	0	0	0	0	0	0	0	0	0	0	0	0	0	0	0	0	0	0	0	0	0	0	0	0	0	0	0	0	0	0
