0.05869	0.05942	0.05996	0.06046	0.06103	0.06149	0.06184	0.06209	0.06230	0.06225	0.06232	0.06228	0.06239	0.06261	0.06282	0.06318	0.06367	0.06417	0.06426	0.06324	0.0     0.0     0.0     0.0     0.06182	0.06251	0.06275	0.06227	0.06002	0.05870	0.05793	0.05753	0.05731	0.05734	0.05756	0.05797
0.0     0.0     0.0     0.0     0.0     0.0     0.0     0.0     0.0     0.07723	0.0     0.0     0.0     0.0     0.0     0.0     0.0     0.0     0.0     0.07586	0.07916	0.0     0.0     0.07101	0.07273	0.07088	0.07052	0.06978	0.0     0.0     0.0     0.0     0.0     0.0     0.0     0.0
0.0     0.0     0.0     0.0     0.0     0.0     0.10134	0.10009	0.10071	0.10380	0.10108	0.10264	0.0     0.0     0.0     0.0     0.0     0.0     0.0     0.0     0.11508	0.11713	0.11266	0.07987	0.08059	0.07620	0.0     0.0     0.0     0.0     0.0     0.0     0.0     0.0     0.0     0.0
0.0     0.0     0.0     0.0     0.10511	0.11101	0.11312	0.11178	0.11068	0.10757	0.10735	0.10824	0.11237	0.0     0.0     0.0     0.0     0.0     0.0     0.0     0.12737	0.12491	0.12377	0.10169	0.09409	0.0     0.0     0.0     0.0     0.0     0.0     0.0     0.0     0.0     0.0     0.0
0.0     0.0     0.0     0.0     0.12595	0.12523	0.12312	0.12231	0.12150	0.11944	0.11768	0.11725	0.11843	0.12383	0.0     0.0     0.0     0.0     0.0     0.0     0.13902	0.13496	0.13353	0.12895	0.12387	0.13144	0.0     0.0     0.0     0.0     0.0     0.0     0.0     0.0     0.0     0.0
0.0     0.0     0.0     0.14549	0.14536	0.14061	0.13634	0.13373	0.13187	0.13013	0.12812	0.12666	0.12688	0.12987	0.0     0.0     0.0     0.0     0.0     0.14703	0.14740	0.14492	0.14233	0.13970	0.13881	0.13887	0.0     0.0     0.0     0.0     0.0     0.0     0.0     0.0     0.0     0.0
0.0     0.0     0.0     0.15528	0.15406	0.15044	0.14660	0.14389	0.14146	0.13926	0.13743	0.13595	0.13452	0.13703	0.0     0.0     0.0     0.0     0.15610	0.15605	0.15489	0.15354	0.15140	0.14882	0.14712	0.0     0.16237	0.16581	0.0     0.0     0.0     0.0     0.0     0.0     0.0     0.0
0.0     0.0     0.0     0.16182	0.16167	0.15877	0.15533	0.15213	0.14911	0.14698	0.14523	0.14408	0.14095	0.13903	0.0     0.0     0.0     0.0     0.16382	0.16429	0.16370	0.16262	0.15969	0.15598	0.15243	0.16194	0.16378	0.16757	0.17017	0.17154	0.0     0.0     0.0     0.0     0.0     0.0
0.0     0.0     0.16462	0.16728	0.16771	0.16539	0.16255	0.15897	0.15561	0.15372	0.15331	0.15200	0.14666	0.14315	0.14932	0.0     0.0     0.0     0.17083	0.17139	0.17121	0.17023	0.16595	0.15996	0.15808	0.0     0.0     0.17178	0.17239	0.0     0.0     0.0     0.0     0.0     0.0     0.0
0.0     0.0     0.16523	0.17157	0.17169	0.17072	0.16867	0.16374	0.16023	0.15904	0.15792	0.15452	0.15062	0.14711	0.15398	0.0     0.16537	0.16782	0.17251	0.17422	0.17412	0.17193	0.16705	0.16318	0.16741	0.0     0.0     0.0     0.0     0.0     0.0     0.0     0.0     0.0     0.0     0.0
0.0     0.0     0.17066	0.17179	0.17105	0.16890	0.16727	0.16472	0.16276	0.16150	0.15995	0.15731	0.15586	0.15286	0.16014	0.0     0.17027	0.17002	0.17262	0.17418	0.17390	0.17116	0.16809	0.16836	0.17430	0.0     0.0     0.0     0.0     0.0     0.0     0.17454	0.17699	0.0     0.0     0.0
0.0     0.17176	0.17305	0.17364	0.17235	0.17069	0.16932	0.16824	0.16717	0.16639	0.16514	0.16304	0.16172	0.15977	0.16585	0.0     0.17383	0.17240	0.17340	0.17496	0.17519	0.17425	0.17283	0.17285	0.17531	0.0     0.0     0.0     0.0     0.0     0.0     0.17095	0.17584	0.0     0.0     0.0
0.0     0.17306	0.17469	0.17432	0.17330	0.17234	0.17130	0.17016	0.16895	0.16790	0.16689	0.16591	0.16557	0.16610	0.17080	0.17976	0.0     0.17181	0.17378	0.17487	0.17560	0.17610	0.17583	0.17473	0.17491	0.0     0.0     0.0     0.0     0.0     0.0     0.16852	0.17332	0.0     0.16943	0.17750
0.0     0.17485	0.17566	0.17484	0.17367	0.17259	0.17141	0.17013	0.16876	0.16764	0.16678	0.16608	0.16605	0.16712	0.17052	0.17634	0.16591	0.0     0.17234	0.17362	0.17511	0.17607	0.17647	0.17630	0.17253	0.0     0.0     0.0     0.0     0.0     0.0     0.16887	0.17480	0.17775	0.17450	0.17929
0.0     0.17880	0.17581	0.17535	0.17376	0.17233	0.17086	0.16931	0.16766	0.16652	0.16572	0.16480	0.16490	0.16526	0.16856	0.17166	0.16864	0.16788	0.0     0.17221	0.17364	0.17511	0.17587	0.17708	0.16784	0.0     0.0     0.0     0.0     0.0     0.0     0.17405	0.17791	0.18010	0.17723	0.17278
0.0     0.18091	0.17440	0.17590	0.17389	0.17146	0.16982	0.16771	0.16572	0.16410	0.16360	0.16301	0.16226	0.16358	0.16638	0.16642	0.15890	0.16033	0.0     0.0     0.17303	0.17408	0.17477	0.17566	0.16262	0.0     0.0     0.0     0.0     0.0     0.0     0.17869	0.18053	0.17824	0.17796	0.17789
0.0     0.18075	0.17187	0.17525	0.17386	0.17108	0.16980	0.16809	0.16604	0.16384	0.16324	0.16199	0.16047	0.16093	0.16247	0.16503	0.16544	0.16651	0.0     0.0     0.17503	0.17473	0.17309	0.17431	0.17211	0.17599	0.17857	0.0     0.0     0.0     0.18235	0.18187	0.18246	0.18138	0.18228	0.17680
0.0     0.0     0.17188	0.17699	0.17281	0.17153	0.17120	0.17089	0.17005	0.16814	0.16752	0.16504	0.16413	0.16222	0.16077	0.16144	0.16396	0.16583	0.0     0.0     0.0     0.17555	0.17457	0.17471	0.17529	0.17835	0.17214	0.0     0.0     0.0     0.17951	0.17733	0.17936	0.18103	0.18234	0.17793
0.0     0.0     0.17447	0.17534	0.17612	0.17055	0.17011	0.17135	0.17183	0.16900	0.16794	0.16547	0.16515	0.16373	0.16254	0.16002	0.15960	0.15716	0.0     0.0     0.0     0.17744	0.17426	0.17261	0.17291	0.17618	0.17176	0.0     0.0     0.0     0.17915	0.17580	0.17386	0.17577	0.17726	0.17611
0.16590	0.0     0.17810	0.17639	0.17883	0.17105	0.16972	0.17058	0.17167	0.16867	0.16656	0.16365	0.16259	0.16086	0.15937	0.15783	0.15762	0.15749	0.0     0.0     0.0     0.0     0.17303	0.16804	0.16608	0.16891	0.17563	0.0     0.0     0.0     0.17871	0.17532	0.17289	0.17120	0.16918	0.16989
0.16736	0.0     0.18217	0.18090	0.17967	0.17297	0.17187	0.17231	0.17343	0.17170	0.16991	0.16692	0.16499	0.16259	0.16073	0.15980	0.16166	0.16403	0.0     0.0     0.0     0.0     0.17500	0.16957	0.16574	0.16932	0.17758	0.0     0.0     0.0     0.17664	0.17390	0.17215	0.16997	0.16912	0.16900
0.17264	0.18361	0.0     0.0     0.17983	0.17392	0.17279	0.17338	0.17384	0.17349	0.17221	0.17000	0.16853	0.16698	0.16586	0.16567	0.16743	0.16917	0.0     0.0     0.0     0.0     0.17764	0.17477	0.17288	0.17340	0.17295	0.0     0.0     0.0     0.17542	0.17341	0.17229	0.17053	0.16957	0.17101
0.17559	0.17761	0.0     0.0     0.17760	0.17397	0.17367	0.17453	0.17466	0.17452	0.17340	0.17184	0.17062	0.16951	0.16878	0.16906	0.17067	0.17111	0.0     0.0     0.0     0.0     0.17868	0.17625	0.17428	0.17180	0.16434	0.0     0.0     0.0     0.17506	0.17427	0.17244	0.17193	0.17182	0.17315
0.17602	0.17636	0.0     0.0     0.17652	0.17392	0.17426	0.17500	0.17505	0.17470	0.17384	0.17274	0.17176	0.17058	0.16930	0.16870	0.16905	0.16890	0.16803	0.0     0.0     0.0     0.17888	0.17469	0.17109	0.16755	0.15933	0.0     0.0     0.0     0.17296	0.17384	0.17272	0.17250	0.17272	0.17391
0.17185	0.17430	0.0     0.0     0.0     0.17309	0.17433	0.17484	0.17476	0.17435	0.17378	0.17280	0.17169	0.16966	0.16736	0.16500	0.16373	0.16594	0.16797	0.0     0.0     0.0     0.17765	0.17240	0.16702	0.16401	0.15861	0.0     0.0     0.17161	0.17114	0.17311	0.17206	0.17163	0.17156	0.17163
0.16612	0.17191	0.0     0.0     0.0     0.17240	0.17360	0.17345	0.17342	0.17271	0.17236	0.17163	0.17029	0.16828	0.16531	0.16280	0.16080	0.16047	0.16254	0.0     0.0     0.16817	0.17639	0.17141	0.16738	0.16224	0.15908	0.15771	0.0     0.17117	0.17025	0.17140	0.17016	0.16876	0.16679	0.16481
0.16016	0.16869	0.0     0.0     0.0     0.17135	0.17121	0.17130	0.17166	0.17139	0.17058	0.16991	0.16982	0.16822	0.16585	0.16357	0.16014	0.15706	0.16162	0.0     0.0     0.17142	0.17515	0.17365	0.16920	0.16093	0.15662	0.15626	0.0     0.16979	0.16846	0.16921	0.16742	0.16413	0.16202	0.16026
0.15412	0.16440	0.17088	0.0     0.0     0.16897	0.16955	0.16830	0.16885	0.16892	0.16802	0.16902	0.16994	0.16877	0.16511	0.16111	0.15749	0.15375	0.16060	0.0     0.0     0.17029	0.17263	0.16792	0.16292	0.15784	0.15233	0.15422	0.0     0.16884	0.16747	0.16786	0.16490	0.16048	0.15669	0.15496
0.14733	0.15251	0.15783	0.16088	0.0     0.16296	0.16421	0.16223	0.16364	0.16532	0.16332	0.16243	0.16097	0.15885	0.15655	0.15361	0.15097	0.14900	0.15597	0.0     0.15278	0.16388	0.16150	0.15609	0.15303	0.14969	0.14681	0.14695	0.15338	0.16473	0.16518	0.16027	0.15661	0.15321	0.14929	0.14745
0.13973	0.14208	0.14608	0.14971	0.14751	0.15411	0.15624	0.15521	0.15680	0.15812	0.15547	0.15399	0.15202	0.15009	0.14821	0.14590	0.14389	0.14297	0.14741	0.0     0.14331	0.14570	0.14442	0.14258	0.14201	0.14014	0.13882	0.13852	0.14474	0.15570	0.15327	0.14793	0.14556	0.14273	0.13995	0.13893
0.13065	0.13274	0.13577	0.13867	0.14052	0.14661	0.14949	0.14902	0.14603	0.14508	0.14437	0.14446	0.14290	0.14137	0.14002	0.13834	0.13680	0.13635	0.14018	0.0     0.13068	0.13037	0.13031	0.13013	0.13040	0.12928	0.12919	0.12963	0.13206	0.13605	0.13505	0.13181	0.13169	0.12997	0.12903	0.12928
0.12085	0.12324	0.12606	0.12884	0.13192	0.13469	0.13660	0.13492	0.13130	0.13030	0.13065	0.13214	0.13223	0.13094	0.13023	0.12937	0.12885	0.12900	0.13284	0.0     0.12294	0.12108	0.12047	0.11998	0.11994	0.11913	0.11892	0.11886	0.11893	0.11939	0.11878	0.11787	0.11836	0.11798	0.11775	0.11899
0.11030	0.11264	0.11572	0.11905	0.12151	0.12376	0.12349	0.12059	0.11706	0.11655	0.11718	0.11838	0.11877	0.11877	0.11895	0.11791	0.11838	0.12009	0.12304	0.12183	0.11847	0.11401	0.11206	0.11092	0.11044	0.10886	0.10859	0.10757	0.10662	0.10622	0.10492	0.10476	0.10529	0.10579	0.10653	0.10822
0.09182	0.09251	0.09480	0.09769	0.09989	0.10154	0.10142	0.09992	0.09791	0.09657	0.09627	0.09651	0.09630	0.09646	0.09673	0.09718	0.09796	0.09967	0.09979	0.09984	0.09957	0.09795	0.09674	0.09622	0.09455	0.09198	0.09044	0.08895	0.08776	0.08670	0.08550	0.08522	0.08547	0.08566	0.08623	0.09008
0.0     0.08482	0.08584	0.08690	0.08751	0.08754	0.08688	0.08597	0.08529	0.08474	0.08412	0.08368	0.08359	0.08388	0.08403	0.08480	0.08576	0.08676	0.08736	0.08775	0.08746	0.08682	0.08592	0.08985	0.08823	0.08694	0.08578	0.08513	0.08470	0.08444	0.08447	0.08468	0.08523	0.08600	0.08651	0.0
0.0     0.0     0.0     0.0     0.0     0.0     0.0     0.0     0.0     0.0     0.0     0.0     0.0     0.0     0.0     0.0     0.0     0.0     0.0     0.0     0.0     0.0     0.0     0.0     0.0     0.0     0.0     0.0     0.0     0.0     0.0     0.0     0.0     0.0     0.0     0.0
